# Statistics about process 11087. Duration: 6.326129e+00(s)
#---------- Teams' Performance Counter
#                                            <team name>    <count> <#threads> | Work(s) total self    | Tidle(s) total self   | Time(s) total self    | #Task Exec total self | #Sync total self      
 func: RunTest file: time_dpotrf-task.c line: 57                  6         16  7.8101e+01  7.8101e+01  1.0222e+01  1.0222e+01  0.0000e+00  0.0000e+00  5.4930e+04  5.4930e+04  0.0000e+00  0.0000e+00 
                                                                    thread   0              4.2868e+00              7.5004e-01              0.0000e+00              2.9880e+03              0.0000e+00 
                                                                    thread   1              4.9277e+00              6.2396e-01              0.0000e+00              3.4560e+03              0.0000e+00 
                                                                    thread   2              4.9314e+00              6.2093e-01              0.0000e+00              3.4870e+03              0.0000e+00 
                                                                    thread   3              4.9250e+00              6.2695e-01              0.0000e+00              3.4650e+03              0.0000e+00 
                                                                    thread   4              4.9227e+00              6.2940e-01              0.0000e+00              3.4770e+03              0.0000e+00 
                                                                    thread   5              4.9118e+00              6.4066e-01              0.0000e+00              3.4700e+03              0.0000e+00 
                                                                    thread   6              4.9254e+00              6.2722e-01              0.0000e+00              3.5320e+03              0.0000e+00 
                                                                    thread   7              4.9221e+00              6.3074e-01              0.0000e+00              3.4380e+03              0.0000e+00 
                                                                    thread   8              4.9168e+00              6.3503e-01              0.0000e+00              3.4420e+03              0.0000e+00 
                                                                    thread   9              4.9178e+00              6.3464e-01              0.0000e+00              3.4360e+03              0.0000e+00 
                                                                    thread  10              4.9264e+00              6.2585e-01              0.0000e+00              3.4700e+03              0.0000e+00 
                                                                    thread  11              4.9177e+00              6.3467e-01              0.0000e+00              3.4700e+03              0.0000e+00 
                                                                    thread  12              4.9173e+00              6.3486e-01              0.0000e+00              3.4560e+03              0.0000e+00 
                                                                    thread  13              4.9263e+00              6.2654e-01              0.0000e+00              3.4330e+03              0.0000e+00 
                                                                    thread  14              4.9098e+00              6.4333e-01              0.0000e+00              3.4220e+03              0.0000e+00 
                                                                    thread  15              4.9158e+00              6.3730e-01              0.0000e+00              3.4880e+03              0.0000e+00 
 func: RunTest file: time_dpotrf-task.c line: 43                  6         16  1.1899e+01  1.1899e+01  1.2060e-01  1.2060e-01  0.0000e+00  0.0000e+00  8.3100e+03  8.3100e+03  0.0000e+00  0.0000e+00 
                                                                    thread   0              7.1116e-01              4.0923e-02              0.0000e+00              5.9400e+02              0.0000e+00 
                                                                    thread   1              7.4659e-01              4.9020e-03              0.0000e+00              5.1800e+02              0.0000e+00 
                                                                    thread   2              7.4633e-01              5.2830e-03              0.0000e+00              5.1700e+02              0.0000e+00 
                                                                    thread   3              7.4625e-01              5.2490e-03              0.0000e+00              5.2000e+02              0.0000e+00 
                                                                    thread   4              7.4542e-01              5.1620e-03              0.0000e+00              5.2000e+02              0.0000e+00 
                                                                    thread   5              7.4684e-01              3.6320e-03              0.0000e+00              5.1800e+02              0.0000e+00 
                                                                    thread   6              7.4464e-01              5.7250e-03              0.0000e+00              5.2000e+02              0.0000e+00 
                                                                    thread   7              7.4490e-01              5.2480e-03              0.0000e+00              5.1600e+02              0.0000e+00 
                                                                    thread   8              7.4725e-01              4.0780e-03              0.0000e+00              5.1100e+02              0.0000e+00 
                                                                    thread   9              7.4578e-01              5.9410e-03              0.0000e+00              5.0600e+02              0.0000e+00 
                                                                    thread  10              7.4464e-01              6.4670e-03              0.0000e+00              5.0900e+02              0.0000e+00 
                                                                    thread  11              7.4563e-01              5.8050e-03              0.0000e+00              5.0600e+02              0.0000e+00 
                                                                    thread  12              7.4601e-01              5.3510e-03              0.0000e+00              5.2000e+02              0.0000e+00 
                                                                    thread  13              7.4419e-01              7.0610e-03              0.0000e+00              5.1400e+02              0.0000e+00 
                                                                    thread  14              7.4580e-01              5.6490e-03              0.0000e+00              5.1000e+02              0.0000e+00 
                                                                    thread  15              7.4722e-01              4.1220e-03              0.0000e+00              5.1100e+02              0.0000e+00 
 func: main file: main.c line: 149                                1         16  0.0000e+00  0.0000e+00  1.5098e-02  1.5098e-02  0.0000e+00  0.0000e+00  1.6000e+01  1.6000e+01  0.0000e+00  0.0000e+00 
                                                                    thread   0              0.0000e+00              4.4210e-03              0.0000e+00              1.0000e+00              0.0000e+00 
                                                                    thread   1              0.0000e+00              5.4200e-04              0.0000e+00              1.0000e+00              0.0000e+00 
                                                                    thread   2              0.0000e+00              7.7300e-04              0.0000e+00              1.0000e+00              0.0000e+00 
                                                                    thread   3              0.0000e+00              4.3700e-04              0.0000e+00              1.0000e+00              0.0000e+00 
                                                                    thread   4              0.0000e+00              4.5400e-04              0.0000e+00              1.0000e+00              0.0000e+00 
                                                                    thread   5              0.0000e+00              1.1720e-03              0.0000e+00              1.0000e+00              0.0000e+00 
                                                                    thread   6              0.0000e+00              1.1470e-03              0.0000e+00              1.0000e+00              0.0000e+00 
                                                                    thread   7              0.0000e+00              1.2370e-03              0.0000e+00              1.0000e+00              0.0000e+00 
                                                                    thread   8              0.0000e+00              4.9500e-04              0.0000e+00              1.0000e+00              0.0000e+00 
                                                                    thread   9              0.0000e+00              2.7700e-04              0.0000e+00              1.0000e+00              0.0000e+00 
                                                                    thread  10              0.0000e+00              1.1060e-03              0.0000e+00              1.0000e+00              0.0000e+00 
                                                                    thread  11              0.0000e+00              3.3700e-04              0.0000e+00              1.0000e+00              0.0000e+00 
                                                                    thread  12              0.0000e+00              7.4900e-04              0.0000e+00              1.0000e+00              0.0000e+00 
                                                                    thread  13              0.0000e+00              5.8200e-04              0.0000e+00              1.0000e+00              0.0000e+00 
                                                                    thread  14              0.0000e+00              5.4300e-04              0.0000e+00              1.0000e+00              0.0000e+00 
                                                                    thread  15              0.0000e+00              8.2600e-04              0.0000e+00              1.0000e+00              0.0000e+00 

# --------------- Explicit task
#                                            <task name>    <count>   Work(s) (sum/avrg/sd)                   Time(s) (sum/avrg/sd)                 
 ;../../plasma/src/pdplgsy.c;plasma_pdplgsy_quark;43;9;;       8214   1.1893e+01   1.4479e-03   6.0606e-06   1.1893e+01   1.4479e-03   6.0606e-06 
 func: potrf file: pdpotrf.c line: 54                           222   1.1335e-01   5.1059e-04   1.0526e-05   1.1335e-01   5.1059e-04   1.0526e-05 
 func: trsm file: pdpotrf.c line: 63                           3996   4.7348e+00   1.1849e-03   5.5074e-06   4.7348e+00   1.1849e-03   5.5074e-06 
 func: syrk file: pdpotrf.c line: 77                           3996   3.2316e+00   8.0871e-04   4.8406e-06   3.2316e+00   8.0871e-04   4.8406e-06 
 func: gemm file: pdpotrf.c line: 90                          46620   6.9969e+01   1.5008e-03   1.6638e-06   6.9969e+01   1.5008e-03   1.6638e-06 
                                               Sub total      63048   8.9942e+01   1.4266e-03                8.9942e+01   1.4266e-03              

# --------------- Implicit task
#                                            <task name>    <count>   Work(s) (sum/avrg/sd)                   Time(s) (sum/avrg/sd)                 
 func: main file: main.c line: 149                               16   0.0000e+00   0.0000e+00   0.0000e+00   0.0000e+00   0.0000e+00   0.0000e+00 
 func: RunTest file: time_dpotrf-task.c line: 43                 96   5.5000e-05   5.7292e-07   3.5096e-07   0.0000e+00   0.0000e+00   0.0000e+00 
 func: RunTest file: time_dpotrf-task.c line: 57                 96   4.2000e-05   4.3750e-07   9.9236e-08   0.0000e+00   0.0000e+00   0.0000e+00 
                                               Sub total        208   9.7000e-05   4.6635e-07                0.0000e+00   0.0000e+00              


                                                   Total      63256   8.9942e+01   1.4219e-03                8.9942e+01   1.4219e-03              


