# Statistics about process 46653. Duration: 4.603991e+00(s)
#---------- Teams' Performance Counter
#                                            <team name>    <count> <#threads> | Work(s) total self    | Tidle(s) total self   | Time(s) total self    | #Task Exec total self | #Sync total self      
 func: RunTest file: time_dpotrf-task.c line: 57                  6         32  9.3553e+01  9.3553e+01  1.9858e+01  1.9858e+01  0.0000e+00  0.0000e+00  5.5026e+04  5.5026e+04  0.0000e+00  0.0000e+00 
                                                                    thread   0              2.4095e+00              7.4521e-01              0.0000e+00              1.3990e+03              0.0000e+00 
                                                                    thread   1              2.9409e+00              6.1201e-01              0.0000e+00              1.7470e+03              0.0000e+00 
                                                                    thread   2              2.9313e+00              6.2165e-01              0.0000e+00              1.7300e+03              0.0000e+00 
                                                                    thread   3              2.9422e+00              6.1133e-01              0.0000e+00              1.7480e+03              0.0000e+00 
                                                                    thread   4              2.9489e+00              6.0461e-01              0.0000e+00              1.7580e+03              0.0000e+00 
                                                                    thread   5              2.9413e+00              6.1385e-01              0.0000e+00              1.8050e+03              0.0000e+00 
                                                                    thread   6              2.9403e+00              6.1504e-01              0.0000e+00              1.7470e+03              0.0000e+00 
                                                                    thread   7              2.9465e+00              6.0649e-01              0.0000e+00              1.7630e+03              0.0000e+00 
                                                                    thread   8              2.9502e+00              6.0245e-01              0.0000e+00              1.7720e+03              0.0000e+00 
                                                                    thread   9              2.9452e+00              6.0872e-01              0.0000e+00              1.7710e+03              0.0000e+00 
                                                                    thread  10              2.9348e+00              6.1869e-01              0.0000e+00              1.7400e+03              0.0000e+00 
                                                                    thread  11              2.9321e+00              6.2166e-01              0.0000e+00              1.7420e+03              0.0000e+00 
                                                                    thread  12              2.9494e+00              6.0386e-01              0.0000e+00              1.7580e+03              0.0000e+00 
                                                                    thread  13              2.9422e+00              6.1197e-01              0.0000e+00              1.7370e+03              0.0000e+00 
                                                                    thread  14              2.9388e+00              6.1538e-01              0.0000e+00              1.7840e+03              0.0000e+00 
                                                                    thread  15              2.9285e+00              6.2524e-01              0.0000e+00              1.7340e+03              0.0000e+00 
                                                                    thread  16              2.9372e+00              6.1670e-01              0.0000e+00              1.7150e+03              0.0000e+00 
                                                                    thread  17              2.9298e+00              6.2475e-01              0.0000e+00              1.6970e+03              0.0000e+00 
                                                                    thread  18              2.9363e+00              6.1788e-01              0.0000e+00              1.7340e+03              0.0000e+00 
                                                                    thread  19              2.9464e+00              6.0789e-01              0.0000e+00              1.7260e+03              0.0000e+00 
                                                                    thread  20              2.9410e+00              6.1340e-01              0.0000e+00              1.7080e+03              0.0000e+00 
                                                                    thread  21              2.9256e+00              6.2957e-01              0.0000e+00              1.7020e+03              0.0000e+00 
                                                                    thread  22              2.9435e+00              6.1177e-01              0.0000e+00              1.6940e+03              0.0000e+00 
                                                                    thread  23              2.9435e+00              6.1224e-01              0.0000e+00              1.7270e+03              0.0000e+00 
                                                                    thread  24              2.9427e+00              6.1135e-01              0.0000e+00              1.7360e+03              0.0000e+00 
                                                                    thread  25              2.9353e+00              6.3007e-01              0.0000e+00              1.7080e+03              0.0000e+00 
                                                                    thread  26              2.9431e+00              6.2260e-01              0.0000e+00              1.6950e+03              0.0000e+00 
                                                                    thread  27              2.9465e+00              6.1946e-01              0.0000e+00              1.6830e+03              0.0000e+00 
                                                                    thread  28              2.9416e+00              6.2305e-01              0.0000e+00              1.7050e+03              0.0000e+00 
                                                                    thread  29              2.9408e+00              6.2506e-01              0.0000e+00              1.6850e+03              0.0000e+00 
                                                                    thread  30              2.9364e+00              6.2957e-01              0.0000e+00              1.6870e+03              0.0000e+00 
                                                                    thread  31              2.9413e+00              6.2487e-01              0.0000e+00              1.6890e+03              0.0000e+00 
 func: RunTest file: time_dpotrf-task.c line: 43                  6         32  2.5351e+01  2.5351e+01  2.9972e-01  2.9972e-01  0.0000e+00  0.0000e+00  8.4060e+03  8.4060e+03  0.0000e+00  0.0000e+00 
                                                                    thread   0              7.1553e-01              8.9060e-02              0.0000e+00              2.6800e+02              0.0000e+00 
                                                                    thread   1              7.9593e-01              8.3530e-03              0.0000e+00              2.5900e+02              0.0000e+00 
                                                                    thread   2              7.9517e-01              8.4580e-03              0.0000e+00              2.5800e+02              0.0000e+00 
                                                                    thread   3              7.9496e-01              8.7240e-03              0.0000e+00              2.5800e+02              0.0000e+00 
                                                                    thread   4              7.9662e-01              6.6750e-03              0.0000e+00              2.5200e+02              0.0000e+00 
                                                                    thread   5              7.9378e-01              7.4170e-03              0.0000e+00              2.5300e+02              0.0000e+00 
                                                                    thread   6              7.9196e-01              7.7320e-03              0.0000e+00              2.5100e+02              0.0000e+00 
                                                                    thread   7              7.9228e-01              6.1010e-03              0.0000e+00              2.5400e+02              0.0000e+00 
                                                                    thread   8              7.9497e-01              7.7840e-03              0.0000e+00              2.4400e+02              0.0000e+00 
                                                                    thread   9              7.9515e-01              7.8340e-03              0.0000e+00              2.5000e+02              0.0000e+00 
                                                                    thread  10              7.9718e-01              6.2750e-03              0.0000e+00              2.5500e+02              0.0000e+00 
                                                                    thread  11              7.9535e-01              7.9910e-03              0.0000e+00              2.5100e+02              0.0000e+00 
                                                                    thread  12              7.9517e-01              7.7870e-03              0.0000e+00              2.4400e+02              0.0000e+00 
                                                                    thread  13              7.9481e-01              8.3690e-03              0.0000e+00              2.4400e+02              0.0000e+00 
                                                                    thread  14              7.9778e-01              5.4360e-03              0.0000e+00              2.4700e+02              0.0000e+00 
                                                                    thread  15              7.9518e-01              7.1380e-03              0.0000e+00              2.4300e+02              0.0000e+00 
                                                                    thread  16              7.9740e-01              5.0420e-03              0.0000e+00              2.6600e+02              0.0000e+00 
                                                                    thread  17              7.9782e-01              4.3490e-03              0.0000e+00              2.7000e+02              0.0000e+00 
                                                                    thread  18              7.9778e-01              5.8390e-03              0.0000e+00              2.6800e+02              0.0000e+00 
                                                                    thread  19              7.9588e-01              5.5020e-03              0.0000e+00              2.6900e+02              0.0000e+00 
                                                                    thread  20              7.9359e-01              8.9500e-03              0.0000e+00              2.6400e+02              0.0000e+00 
                                                                    thread  21              7.9452e-01              6.7120e-03              0.0000e+00              2.6300e+02              0.0000e+00 
                                                                    thread  22              7.9336e-01              6.7560e-03              0.0000e+00              2.6200e+02              0.0000e+00 
                                                                    thread  23              7.9551e-01              7.3810e-03              0.0000e+00              2.6300e+02              0.0000e+00 
                                                                    thread  24              7.9451e-01              5.4480e-03              0.0000e+00              2.7900e+02              0.0000e+00 
                                                                    thread  25              7.9154e-01              7.2340e-03              0.0000e+00              2.8900e+02              0.0000e+00 
                                                                    thread  26              7.9033e-01              6.7010e-03              0.0000e+00              2.8600e+02              0.0000e+00 
                                                                    thread  27              7.9317e-01              5.9090e-03              0.0000e+00              2.8500e+02              0.0000e+00 
                                                                    thread  28              7.9423e-01              6.3020e-03              0.0000e+00              2.8000e+02              0.0000e+00 
                                                                    thread  29              7.9550e-01              5.4260e-03              0.0000e+00              2.7900e+02              0.0000e+00 
                                                                    thread  30              7.9087e-01              5.5940e-03              0.0000e+00              2.7500e+02              0.0000e+00 
                                                                    thread  31              7.9342e-01              5.4410e-03              0.0000e+00              2.7700e+02              0.0000e+00 
 func: main file: main.c line: 149                                1         32  0.0000e+00  0.0000e+00  7.0591e-01  7.0591e-01  0.0000e+00  0.0000e+00  3.2000e+01  3.2000e+01  0.0000e+00  0.0000e+00 
                                                                    thread   0              0.0000e+00              3.2076e-02              0.0000e+00              1.0000e+00              0.0000e+00 
                                                                    thread   1              0.0000e+00              1.6267e-02              0.0000e+00              1.0000e+00              0.0000e+00 
                                                                    thread   2              0.0000e+00              2.4879e-02              0.0000e+00              1.0000e+00              0.0000e+00 
                                                                    thread   3              0.0000e+00              2.4829e-02              0.0000e+00              1.0000e+00              0.0000e+00 
                                                                    thread   4              0.0000e+00              2.4978e-02              0.0000e+00              1.0000e+00              0.0000e+00 
                                                                    thread   5              0.0000e+00              2.4765e-02              0.0000e+00              1.0000e+00              0.0000e+00 
                                                                    thread   6              0.0000e+00              1.8271e-02              0.0000e+00              1.0000e+00              0.0000e+00 
                                                                    thread   7              0.0000e+00              1.9531e-02              0.0000e+00              1.0000e+00              0.0000e+00 
                                                                    thread   8              0.0000e+00              2.4461e-02              0.0000e+00              1.0000e+00              0.0000e+00 
                                                                    thread   9              0.0000e+00              2.4485e-02              0.0000e+00              1.0000e+00              0.0000e+00 
                                                                    thread  10              0.0000e+00              2.4434e-02              0.0000e+00              1.0000e+00              0.0000e+00 
                                                                    thread  11              0.0000e+00              2.5317e-02              0.0000e+00              1.0000e+00              0.0000e+00 
                                                                    thread  12              0.0000e+00              2.4897e-02              0.0000e+00              1.0000e+00              0.0000e+00 
                                                                    thread  13              0.0000e+00              2.4793e-02              0.0000e+00              1.0000e+00              0.0000e+00 
                                                                    thread  14              0.0000e+00              1.6426e-02              0.0000e+00              1.0000e+00              0.0000e+00 
                                                                    thread  15              0.0000e+00              2.4914e-02              0.0000e+00              1.0000e+00              0.0000e+00 
                                                                    thread  16              0.0000e+00              2.4517e-02              0.0000e+00              1.0000e+00              0.0000e+00 
                                                                    thread  17              0.0000e+00              1.7773e-02              0.0000e+00              1.0000e+00              0.0000e+00 
                                                                    thread  18              0.0000e+00              1.1077e-02              0.0000e+00              1.0000e+00              0.0000e+00 
                                                                    thread  19              0.0000e+00              1.6891e-02              0.0000e+00              1.0000e+00              0.0000e+00 
                                                                    thread  20              0.0000e+00              1.6260e-02              0.0000e+00              1.0000e+00              0.0000e+00 
                                                                    thread  21              0.0000e+00              2.5508e-02              0.0000e+00              1.0000e+00              0.0000e+00 
                                                                    thread  22              0.0000e+00              2.6759e-02              0.0000e+00              1.0000e+00              0.0000e+00 
                                                                    thread  23              0.0000e+00              1.1171e-02              0.0000e+00              1.0000e+00              0.0000e+00 
                                                                    thread  24              0.0000e+00              2.6339e-02              0.0000e+00              1.0000e+00              0.0000e+00 
                                                                    thread  25              0.0000e+00              2.0400e-02              0.0000e+00              1.0000e+00              0.0000e+00 
                                                                    thread  26              0.0000e+00              2.8840e-02              0.0000e+00              1.0000e+00              0.0000e+00 
                                                                    thread  27              0.0000e+00              2.6319e-02              0.0000e+00              1.0000e+00              0.0000e+00 
                                                                    thread  28              0.0000e+00              2.5638e-02              0.0000e+00              1.0000e+00              0.0000e+00 
                                                                    thread  29              0.0000e+00              2.5372e-02              0.0000e+00              1.0000e+00              0.0000e+00 
                                                                    thread  30              0.0000e+00              2.5409e-02              0.0000e+00              1.0000e+00              0.0000e+00 
                                                                    thread  31              0.0000e+00              2.3160e-03              0.0000e+00              1.0000e+00              0.0000e+00 

# --------------- Explicit task
#                                            <task name>    <count>   Work(s) (sum/avrg/sd)                   Time(s) (sum/avrg/sd)                 
 ;../../plasma/src/pdplgsy.c;plasma_pdplgsy_quark;43;9;;       8214   2.5339e+01   3.0848e-03   2.0347e-05   2.5339e+01   3.0848e-03   2.0347e-05 
 func: potrf file: pdpotrf.c line: 54                           222   1.4031e-01   6.3205e-04   1.4570e-05   1.4031e-01   6.3205e-04   1.4570e-05 
 func: trsm file: pdpotrf.c line: 63                           3996   6.0094e+00   1.5039e-03   1.9504e-05   6.0094e+00   1.5039e-03   1.9504e-05 
 func: syrk file: pdpotrf.c line: 77                           3996   4.6044e+00   1.1523e-03   8.3880e-06   4.6044e+00   1.1523e-03   8.3880e-06 
 func: gemm file: pdpotrf.c line: 90                          46620   8.2745e+01   1.7749e-03   2.3791e-06   8.2745e+01   1.7749e-03   2.3791e-06 
                                               Sub total      63048   1.1884e+02   1.8849e-03                1.1884e+02   1.8849e-03              

# --------------- Implicit task
#                                            <task name>    <count>   Work(s) (sum/avrg/sd)                   Time(s) (sum/avrg/sd)                 
 <undefined>                                                     32   0.0000e+00   0.0000e+00   0.0000e+00   0.0000e+00   0.0000e+00   0.0000e+00 
 func: RunTest file: time_dpotrf-task.c line: 43                192   7.0000e-05   3.6458e-07   7.5348e-08   0.0000e+00   0.0000e+00   0.0000e+00 
 func: RunTest file: time_dpotrf-task.c line: 57                192   2.0000e-04   1.0417e-06   6.2594e-07   0.0000e+00   0.0000e+00   0.0000e+00 
                                               Sub total        416   2.7000e-04   6.4904e-07                0.0000e+00   0.0000e+00              


                                                   Total      63464   1.1884e+02   1.8725e-03                1.1884e+02   1.8725e-03              


