# Statistics about process 46634. Duration: 6.482083e+00(s)
#---------- Teams' Performance Counter
#                                            <team name>    <count> <#threads> | Work(s) total self    | Tidle(s) total self   | Time(s) total self    | #Task Exec total self | #Sync total self      
 func: RunTest file: time_dpotrf-task.c line: 57                  6         16  8.0036e+01  8.0036e+01  6.8861e+00  6.8861e+00  0.0000e+00  0.0000e+00  5.4930e+04  5.4930e+04  0.0000e+00  0.0000e+00 
                                                                    thread   0              4.6715e+00              4.8650e-01              0.0000e+00              3.2030e+03              0.0000e+00 
                                                                    thread   1              5.0349e+00              4.0477e-01              0.0000e+00              3.4730e+03              0.0000e+00 
                                                                    thread   2              5.0162e+00              4.2740e-01              0.0000e+00              3.5160e+03              0.0000e+00 
                                                                    thread   3              5.0213e+00              4.2458e-01              0.0000e+00              3.4890e+03              0.0000e+00 
                                                                    thread   4              5.0294e+00              4.2012e-01              0.0000e+00              3.4130e+03              0.0000e+00 
                                                                    thread   5              5.0269e+00              4.2600e-01              0.0000e+00              3.4360e+03              0.0000e+00 
                                                                    thread   6              5.0251e+00              4.2811e-01              0.0000e+00              3.5260e+03              0.0000e+00 
                                                                    thread   7              5.0198e+00              4.3330e-01              0.0000e+00              3.4400e+03              0.0000e+00 
                                                                    thread   8              5.0173e+00              4.3529e-01              0.0000e+00              3.4170e+03              0.0000e+00 
                                                                    thread   9              5.0231e+00              4.3022e-01              0.0000e+00              3.4310e+03              0.0000e+00 
                                                                    thread  10              5.0301e+00              4.2303e-01              0.0000e+00              3.4340e+03              0.0000e+00 
                                                                    thread  11              5.0249e+00              4.2872e-01              0.0000e+00              3.4250e+03              0.0000e+00 
                                                                    thread  12              5.0267e+00              4.2642e-01              0.0000e+00              3.4250e+03              0.0000e+00 
                                                                    thread  13              5.0203e+00              4.3312e-01              0.0000e+00              3.4280e+03              0.0000e+00 
                                                                    thread  14              5.0210e+00              4.3228e-01              0.0000e+00              3.4550e+03              0.0000e+00 
                                                                    thread  15              5.0276e+00              4.2621e-01              0.0000e+00              3.4190e+03              0.0000e+00 
 func: RunTest file: time_dpotrf-task.c line: 43                  6         16  1.3100e+01  1.3100e+01  1.2451e-01  1.2451e-01  0.0000e+00  0.0000e+00  8.3100e+03  8.3100e+03  0.0000e+00  0.0000e+00 
                                                                    thread   0              7.7970e-01              4.7280e-02              0.0000e+00              5.8000e+02              0.0000e+00 
                                                                    thread   1              8.2158e-01              5.2570e-03              0.0000e+00              5.2100e+02              0.0000e+00 
                                                                    thread   2              8.2186e-01              4.9880e-03              0.0000e+00              5.3100e+02              0.0000e+00 
                                                                    thread   3              8.2151e-01              5.3220e-03              0.0000e+00              5.3400e+02              0.0000e+00 
                                                                    thread   4              8.2183e-01              4.9080e-03              0.0000e+00              5.2300e+02              0.0000e+00 
                                                                    thread   5              8.2122e-01              5.2030e-03              0.0000e+00              5.2600e+02              0.0000e+00 
                                                                    thread   6              8.2081e-01              5.8860e-03              0.0000e+00              5.2200e+02              0.0000e+00 
                                                                    thread   7              8.2209e-01              4.4430e-03              0.0000e+00              5.2200e+02              0.0000e+00 
                                                                    thread   8              8.2024e-01              6.2820e-03              0.0000e+00              5.0000e+02              0.0000e+00 
                                                                    thread   9              8.2067e-01              5.7270e-03              0.0000e+00              5.0100e+02              0.0000e+00 
                                                                    thread  10              8.2147e-01              5.0000e-03              0.0000e+00              5.1900e+02              0.0000e+00 
                                                                    thread  11              8.2189e-01              4.6120e-03              0.0000e+00              5.1500e+02              0.0000e+00 
                                                                    thread  12              8.2055e-01              5.2020e-03              0.0000e+00              5.0700e+02              0.0000e+00 
                                                                    thread  13              8.2079e-01              5.5440e-03              0.0000e+00              5.0200e+02              0.0000e+00 
                                                                    thread  14              8.2160e-01              4.6490e-03              0.0000e+00              5.0200e+02              0.0000e+00 
                                                                    thread  15              8.2194e-01              4.2100e-03              0.0000e+00              5.0500e+02              0.0000e+00 
 func: main file: main.c line: 149                                1         16  0.0000e+00  0.0000e+00  1.2746e-02  1.2746e-02  0.0000e+00  0.0000e+00  1.6000e+01  1.6000e+01  0.0000e+00  0.0000e+00 
                                                                    thread   0              0.0000e+00              4.4410e-03              0.0000e+00              1.0000e+00              0.0000e+00 
                                                                    thread   1              0.0000e+00              4.6800e-04              0.0000e+00              1.0000e+00              0.0000e+00 
                                                                    thread   2              0.0000e+00              4.2000e-04              0.0000e+00              1.0000e+00              0.0000e+00 
                                                                    thread   3              0.0000e+00              2.8600e-04              0.0000e+00              1.0000e+00              0.0000e+00 
                                                                    thread   4              0.0000e+00              3.9200e-04              0.0000e+00              1.0000e+00              0.0000e+00 
                                                                    thread   5              0.0000e+00              6.8200e-04              0.0000e+00              1.0000e+00              0.0000e+00 
                                                                    thread   6              0.0000e+00              5.7500e-04              0.0000e+00              1.0000e+00              0.0000e+00 
                                                                    thread   7              0.0000e+00              5.1600e-04              0.0000e+00              1.0000e+00              0.0000e+00 
                                                                    thread   8              0.0000e+00              5.8300e-04              0.0000e+00              1.0000e+00              0.0000e+00 
                                                                    thread   9              0.0000e+00              6.5600e-04              0.0000e+00              1.0000e+00              0.0000e+00 
                                                                    thread  10              0.0000e+00              6.5700e-04              0.0000e+00              1.0000e+00              0.0000e+00 
                                                                    thread  11              0.0000e+00              5.0900e-04              0.0000e+00              1.0000e+00              0.0000e+00 
                                                                    thread  12              0.0000e+00              4.8100e-04              0.0000e+00              1.0000e+00              0.0000e+00 
                                                                    thread  13              0.0000e+00              7.2700e-04              0.0000e+00              1.0000e+00              0.0000e+00 
                                                                    thread  14              0.0000e+00              4.8000e-04              0.0000e+00              1.0000e+00              0.0000e+00 
                                                                    thread  15              0.0000e+00              8.7300e-04              0.0000e+00              1.0000e+00              0.0000e+00 

# --------------- Explicit task
#                                            <task name>    <count>   Work(s) (sum/avrg/sd)                   Time(s) (sum/avrg/sd)                 
 ;../../plasma/src/pdplgsy.c;plasma_pdplgsy_quark;43;9;;       8214   1.3094e+01   1.5942e-03   1.2869e-05   1.3094e+01   1.5942e-03   1.2869e-05 
 func: potrf file: pdpotrf.c line: 54                           222   1.1843e-01   5.3345e-04   1.0359e-05   1.1843e-01   5.3345e-04   1.0359e-05 
 func: trsm file: pdpotrf.c line: 63                           3996   4.7883e+00   1.1983e-03   6.2963e-06   4.7883e+00   1.1983e-03   6.2963e-06 
 func: syrk file: pdpotrf.c line: 77                           3996   3.3941e+00   8.4936e-04   5.3799e-06   3.3941e+00   8.4936e-04   5.3799e-06 
 func: gemm file: pdpotrf.c line: 90                          46620   7.1697e+01   1.5379e-03   1.8196e-06   7.1697e+01   1.5379e-03   1.8196e-06 
                                               Sub total      63048   9.3092e+01   1.4765e-03                9.3092e+01   1.4765e-03              

# --------------- Implicit task
#                                            <task name>    <count>   Work(s) (sum/avrg/sd)                   Time(s) (sum/avrg/sd)                 
 func: main file: main.c line: 149                               16   0.0000e+00   0.0000e+00   0.0000e+00   0.0000e+00   0.0000e+00   0.0000e+00 
 func: RunTest file: time_dpotrf-task.c line: 43                 96   3.9000e-05   4.0625e-07   1.9916e-07   0.0000e+00   0.0000e+00   0.0000e+00 
 func: RunTest file: time_dpotrf-task.c line: 57                 96   5.5000e-05   5.7292e-07   2.2871e-07   0.0000e+00   0.0000e+00   0.0000e+00 
                                               Sub total        208   9.4000e-05   4.5192e-07                0.0000e+00   0.0000e+00              


                                                   Total      63256   9.3092e+01   1.4717e-03                9.3092e+01   1.4717e-03              


