# Statistics about process 46689. Duration: 3.367249e+00(s)
#---------- Teams' Performance Counter
#                                            <team name>    <count> <#threads> | Work(s) total self    | Tidle(s) total self   | Time(s) total self    | #Task Exec total self | #Sync total self      
 func: RunTest file: time_dpotrf-task.c line: 57                  6         96  1.2271e+02  1.2271e+02  9.4486e+01  9.4486e+01  0.0000e+00  0.0000e+00  5.5410e+04  5.5410e+04  0.0000e+00  0.0000e+00 
                                                                    thread   0              3.4974e-01              1.3740e+00              0.0000e+00              1.6900e+02              0.0000e+00 
                                                                    thread   1              1.2849e+00              9.6932e-01              0.0000e+00              6.2200e+02              0.0000e+00 
                                                                    thread   2              1.2861e+00              9.6641e-01              0.0000e+00              6.2000e+02              0.0000e+00 
                                                                    thread   3              1.2754e+00              9.7945e-01              0.0000e+00              6.1500e+02              0.0000e+00 
                                                                    thread   4              1.2962e+00              9.5539e-01              0.0000e+00              6.0600e+02              0.0000e+00 
                                                                    thread   5              1.2726e+00              9.8198e-01              0.0000e+00              6.1400e+02              0.0000e+00 
                                                                    thread   6              1.2940e+00              9.6361e-01              0.0000e+00              6.2000e+02              0.0000e+00 
                                                                    thread   7              1.2963e+00              9.6030e-01              0.0000e+00              6.1900e+02              0.0000e+00 
                                                                    thread   8              1.2710e+00              9.8246e-01              0.0000e+00              6.0400e+02              0.0000e+00 
                                                                    thread   9              1.2872e+00              9.6474e-01              0.0000e+00              6.0800e+02              0.0000e+00 
                                                                    thread  10              1.3125e+00              9.4065e-01              0.0000e+00              6.1500e+02              0.0000e+00 
                                                                    thread  11              1.2902e+00              9.6320e-01              0.0000e+00              6.0800e+02              0.0000e+00 
                                                                    thread  12              1.2929e+00              9.5882e-01              0.0000e+00              6.0600e+02              0.0000e+00 
                                                                    thread  13              1.2750e+00              9.8752e-01              0.0000e+00              6.0400e+02              0.0000e+00 
                                                                    thread  14              1.2936e+00              9.6025e-01              0.0000e+00              6.0200e+02              0.0000e+00 
                                                                    thread  15              1.2761e+00              9.8560e-01              0.0000e+00              6.0600e+02              0.0000e+00 
                                                                    thread  16              1.2778e+00              9.7253e-01              0.0000e+00              5.9900e+02              0.0000e+00 
                                                                    thread  17              1.2525e+00              1.0019e+00              0.0000e+00              5.8600e+02              0.0000e+00 
                                                                    thread  18              1.3040e+00              9.4513e-01              0.0000e+00              5.9300e+02              0.0000e+00 
                                                                    thread  19              1.2912e+00              9.6337e-01              0.0000e+00              6.0100e+02              0.0000e+00 
                                                                    thread  20              1.2875e+00              9.6297e-01              0.0000e+00              5.9600e+02              0.0000e+00 
                                                                    thread  21              1.3059e+00              9.4989e-01              0.0000e+00              6.0000e+02              0.0000e+00 
                                                                    thread  22              1.2771e+00              9.7483e-01              0.0000e+00              5.9600e+02              0.0000e+00 
                                                                    thread  23              1.2773e+00              9.7573e-01              0.0000e+00              5.9100e+02              0.0000e+00 
                                                                    thread  24              1.2815e+00              9.7007e-01              0.0000e+00              5.9800e+02              0.0000e+00 
                                                                    thread  25              1.2701e+00              9.9492e-01              0.0000e+00              5.8300e+02              0.0000e+00 
                                                                    thread  26              1.2881e+00              9.7572e-01              0.0000e+00              6.0200e+02              0.0000e+00 
                                                                    thread  27              1.2864e+00              9.7665e-01              0.0000e+00              6.0200e+02              0.0000e+00 
                                                                    thread  28              1.2893e+00              9.7112e-01              0.0000e+00              6.0700e+02              0.0000e+00 
                                                                    thread  29              1.2965e+00              9.7850e-01              0.0000e+00              5.9800e+02              0.0000e+00 
                                                                    thread  30              1.2838e+00              9.9081e-01              0.0000e+00              6.0400e+02              0.0000e+00 
                                                                    thread  31              1.2923e+00              9.8190e-01              0.0000e+00              5.9700e+02              0.0000e+00 
                                                                    thread  32              1.2802e+00              9.8569e-01              0.0000e+00              6.0100e+02              0.0000e+00 
                                                                    thread  33              1.3032e+00              9.6107e-01              0.0000e+00              5.9700e+02              0.0000e+00 
                                                                    thread  34              1.2873e+00              9.8350e-01              0.0000e+00              5.9600e+02              0.0000e+00 
                                                                    thread  35              1.2782e+00              9.9198e-01              0.0000e+00              5.8300e+02              0.0000e+00 
                                                                    thread  36              1.2988e+00              9.6910e-01              0.0000e+00              5.9300e+02              0.0000e+00 
                                                                    thread  37              1.2585e+00              1.0146e+00              0.0000e+00              5.7700e+02              0.0000e+00 
                                                                    thread  38              1.2979e+00              9.7792e-01              0.0000e+00              5.9300e+02              0.0000e+00 
                                                                    thread  39              1.2784e+00              9.9529e-01              0.0000e+00              5.9300e+02              0.0000e+00 
                                                                    thread  40              1.3050e+00              9.6109e-01              0.0000e+00              5.8100e+02              0.0000e+00 
                                                                    thread  41              1.2870e+00              9.8175e-01              0.0000e+00              5.7900e+02              0.0000e+00 
                                                                    thread  42              1.2959e+00              9.7065e-01              0.0000e+00              5.7800e+02              0.0000e+00 
                                                                    thread  43              1.2756e+00              9.9397e-01              0.0000e+00              5.8000e+02              0.0000e+00 
                                                                    thread  44              1.2747e+00              9.9115e-01              0.0000e+00              5.8000e+02              0.0000e+00 
                                                                    thread  45              1.3111e+00              9.5335e-01              0.0000e+00              5.9000e+02              0.0000e+00 
                                                                    thread  46              1.2860e+00              9.8027e-01              0.0000e+00              5.8200e+02              0.0000e+00 
                                                                    thread  47              1.2785e+00              9.8674e-01              0.0000e+00              5.7600e+02              0.0000e+00 
                                                                    thread  48              1.2999e+00              9.6867e-01              0.0000e+00              5.9200e+02              0.0000e+00 
                                                                    thread  49              1.2841e+00              9.9131e-01              0.0000e+00              5.8000e+02              0.0000e+00 
                                                                    thread  50              1.2930e+00              9.7722e-01              0.0000e+00              5.8200e+02              0.0000e+00 
                                                                    thread  51              1.2760e+00              9.9352e-01              0.0000e+00              5.8100e+02              0.0000e+00 
                                                                    thread  52              1.2871e+00              9.8436e-01              0.0000e+00              5.8000e+02              0.0000e+00 
                                                                    thread  53              1.2567e+00              1.0123e+00              0.0000e+00              5.7800e+02              0.0000e+00 
                                                                    thread  54              1.2746e+00              9.9673e-01              0.0000e+00              5.8100e+02              0.0000e+00 
                                                                    thread  55              1.2877e+00              9.7975e-01              0.0000e+00              5.8200e+02              0.0000e+00 
                                                                    thread  56              1.3043e+00              9.6414e-01              0.0000e+00              5.8600e+02              0.0000e+00 
                                                                    thread  57              1.2956e+00              9.7228e-01              0.0000e+00              5.8400e+02              0.0000e+00 
                                                                    thread  58              1.2796e+00              9.8911e-01              0.0000e+00              5.7200e+02              0.0000e+00 
                                                                    thread  59              1.2800e+00              9.8938e-01              0.0000e+00              5.7900e+02              0.0000e+00 
                                                                    thread  60              1.2737e+00              9.9358e-01              0.0000e+00              5.7400e+02              0.0000e+00 
                                                                    thread  61              1.3136e+00              9.5605e-01              0.0000e+00              5.8400e+02              0.0000e+00 
                                                                    thread  62              1.3112e+00              9.5663e-01              0.0000e+00              5.9200e+02              0.0000e+00 
                                                                    thread  63              1.3142e+00              9.5736e-01              0.0000e+00              5.9300e+02              0.0000e+00 
                                                                    thread  64              1.2652e+00              1.0080e+00              0.0000e+00              5.5100e+02              0.0000e+00 
                                                                    thread  65              1.2773e+00              9.9686e-01              0.0000e+00              5.5000e+02              0.0000e+00 
                                                                    thread  66              1.2970e+00              9.7540e-01              0.0000e+00              5.4700e+02              0.0000e+00 
                                                                    thread  67              1.2940e+00              9.7885e-01              0.0000e+00              5.4900e+02              0.0000e+00 
                                                                    thread  68              1.2889e+00              9.8589e-01              0.0000e+00              5.6500e+02              0.0000e+00 
                                                                    thread  69              1.3037e+00              9.8772e-01              0.0000e+00              5.6900e+02              0.0000e+00 
                                                                    thread  70              1.2962e+00              9.8513e-01              0.0000e+00              5.5500e+02              0.0000e+00 
                                                                    thread  71              1.3142e+00              9.6361e-01              0.0000e+00              5.6700e+02              0.0000e+00 
                                                                    thread  72              1.2988e+00              9.7056e-01              0.0000e+00              5.5700e+02              0.0000e+00 
                                                                    thread  73              1.2866e+00              9.9357e-01              0.0000e+00              5.6100e+02              0.0000e+00 
                                                                    thread  74              1.2795e+00              9.9898e-01              0.0000e+00              5.5700e+02              0.0000e+00 
                                                                    thread  75              1.2937e+00              9.8261e-01              0.0000e+00              5.6000e+02              0.0000e+00 
                                                                    thread  76              1.2844e+00              9.8864e-01              0.0000e+00              5.5700e+02              0.0000e+00 
                                                                    thread  77              1.3130e+00              9.6771e-01              0.0000e+00              5.6700e+02              0.0000e+00 
                                                                    thread  78              1.2871e+00              9.9724e-01              0.0000e+00              5.6200e+02              0.0000e+00 
                                                                    thread  79              1.2721e+00              1.0135e+00              0.0000e+00              5.5400e+02              0.0000e+00 
                                                                    thread  80              1.3055e+00              9.6518e-01              0.0000e+00              5.6600e+02              0.0000e+00 
                                                                    thread  81              1.2826e+00              9.9651e-01              0.0000e+00              5.5500e+02              0.0000e+00 
                                                                    thread  82              1.2645e+00              1.0142e+00              0.0000e+00              5.4500e+02              0.0000e+00 
                                                                    thread  83              1.2883e+00              9.9220e-01              0.0000e+00              5.5800e+02              0.0000e+00 
                                                                    thread  84              1.2949e+00              9.8577e-01              0.0000e+00              5.5200e+02              0.0000e+00 
                                                                    thread  85              1.2837e+00              9.9922e-01              0.0000e+00              5.5800e+02              0.0000e+00 
                                                                    thread  86              1.2961e+00              9.8322e-01              0.0000e+00              5.7000e+02              0.0000e+00 
                                                                    thread  87              1.2816e+00              9.9832e-01              0.0000e+00              5.6300e+02              0.0000e+00 
                                                                    thread  88              1.2898e+00              9.8641e-01              0.0000e+00              5.4700e+02              0.0000e+00 
                                                                    thread  89              1.2714e+00              1.0121e+00              0.0000e+00              5.4800e+02              0.0000e+00 
                                                                    thread  90              1.2818e+00              9.9608e-01              0.0000e+00              5.5300e+02              0.0000e+00 
                                                                    thread  91              1.2899e+00              9.8948e-01              0.0000e+00              5.5500e+02              0.0000e+00 
                                                                    thread  92              1.2952e+00              9.7584e-01              0.0000e+00              5.4900e+02              0.0000e+00 
                                                                    thread  93              1.2950e+00              9.7771e-01              0.0000e+00              5.5700e+02              0.0000e+00 
                                                                    thread  94              1.3030e+00              9.7570e-01              0.0000e+00              5.6300e+02              0.0000e+00 
                                                                    thread  95              1.2900e+00              9.8356e-01              0.0000e+00              5.5300e+02              0.0000e+00 
 func: RunTest file: time_dpotrf-task.c line: 43                  6         96  7.4309e+01  7.4309e+01  1.9656e+00  1.9656e+00  0.0000e+00  0.0000e+00  8.7900e+03  8.7900e+03  0.0000e+00  0.0000e+00 
                                                                    thread   0              5.9322e-01              2.2759e-01              0.0000e+00              1.0400e+02              0.0000e+00 
                                                                    thread   1              7.9970e-01              1.7850e-02              0.0000e+00              9.6000e+01              0.0000e+00 
                                                                    thread   2              7.9573e-01              2.2854e-02              0.0000e+00              9.5000e+01              0.0000e+00 
                                                                    thread   3              7.9633e-01              2.1349e-02              0.0000e+00              9.3000e+01              0.0000e+00 
                                                                    thread   4              7.7643e-01              2.1441e-02              0.0000e+00              9.0000e+01              0.0000e+00 
                                                                    thread   5              7.7955e-01              1.9866e-02              0.0000e+00              8.8000e+01              0.0000e+00 
                                                                    thread   6              7.8249e-01              1.7103e-02              0.0000e+00              9.2000e+01              0.0000e+00 
                                                                    thread   7              7.7936e-01              1.8677e-02              0.0000e+00              9.3000e+01              0.0000e+00 
                                                                    thread   8              7.9687e-01              2.1545e-02              0.0000e+00              8.5000e+01              0.0000e+00 
                                                                    thread   9              7.9874e-01              1.8916e-02              0.0000e+00              9.0000e+01              0.0000e+00 
                                                                    thread  10              7.9698e-01              2.1646e-02              0.0000e+00              9.1000e+01              0.0000e+00 
                                                                    thread  11              7.9819e-01              1.9418e-02              0.0000e+00              8.9000e+01              0.0000e+00 
                                                                    thread  12              7.9062e-01              2.0942e-02              0.0000e+00              8.4000e+01              0.0000e+00 
                                                                    thread  13              7.5957e-01              2.3930e-02              0.0000e+00              8.5000e+01              0.0000e+00 
                                                                    thread  14              7.7231e-01              1.7173e-02              0.0000e+00              8.5000e+01              0.0000e+00 
                                                                    thread  15              7.8806e-01              1.6190e-02              0.0000e+00              8.6000e+01              0.0000e+00 
                                                                    thread  16              7.7743e-01              1.8459e-02              0.0000e+00              8.4000e+01              0.0000e+00 
                                                                    thread  17              8.0254e-01              1.1296e-02              0.0000e+00              8.9000e+01              0.0000e+00 
                                                                    thread  18              8.0065e-01              1.1865e-02              0.0000e+00              8.9000e+01              0.0000e+00 
                                                                    thread  19              7.9762e-01              1.4863e-02              0.0000e+00              8.9000e+01              0.0000e+00 
                                                                    thread  20              7.6652e-01              2.0198e-02              0.0000e+00              8.3000e+01              0.0000e+00 
                                                                    thread  21              7.6629e-01              1.8173e-02              0.0000e+00              8.3000e+01              0.0000e+00 
                                                                    thread  22              7.6362e-01              3.0118e-02              0.0000e+00              8.3000e+01              0.0000e+00 
                                                                    thread  23              7.5622e-01              3.6584e-02              0.0000e+00              8.5000e+01              0.0000e+00 
                                                                    thread  24              7.6692e-01              2.0510e-02              0.0000e+00              8.2000e+01              0.0000e+00 
                                                                    thread  25              7.6077e-01              1.8506e-02              0.0000e+00              8.7000e+01              0.0000e+00 
                                                                    thread  26              7.5054e-01              2.0792e-02              0.0000e+00              8.4000e+01              0.0000e+00 
                                                                    thread  27              7.6459e-01              1.9169e-02              0.0000e+00              8.6000e+01              0.0000e+00 
                                                                    thread  28              7.4833e-01              2.1135e-02              0.0000e+00              8.1000e+01              0.0000e+00 
                                                                    thread  29              7.5329e-01              2.1936e-02              0.0000e+00              8.0000e+01              0.0000e+00 
                                                                    thread  30              7.3001e-01              2.6138e-02              0.0000e+00              7.8000e+01              0.0000e+00 
                                                                    thread  31              7.4285e-01              2.6546e-02              0.0000e+00              8.0000e+01              0.0000e+00 
                                                                    thread  32              7.9130e-01              1.8857e-02              0.0000e+00              8.3000e+01              0.0000e+00 
                                                                    thread  33              7.6932e-01              2.7339e-02              0.0000e+00              8.7000e+01              0.0000e+00 
                                                                    thread  34              7.9061e-01              2.2325e-02              0.0000e+00              8.6000e+01              0.0000e+00 
                                                                    thread  35              7.9285e-01              2.1491e-02              0.0000e+00              8.8000e+01              0.0000e+00 
                                                                    thread  36              7.8744e-01              2.1160e-02              0.0000e+00              8.2000e+01              0.0000e+00 
                                                                    thread  37              7.8472e-01              1.0474e-02              0.0000e+00              8.4000e+01              0.0000e+00 
                                                                    thread  38              7.7299e-01              1.9128e-02              0.0000e+00              8.0000e+01              0.0000e+00 
                                                                    thread  39              7.8126e-01              1.8543e-02              0.0000e+00              7.9000e+01              0.0000e+00 
                                                                    thread  40              7.9105e-01              1.5493e-02              0.0000e+00              8.3000e+01              0.0000e+00 
                                                                    thread  41              7.5502e-01              2.0136e-02              0.0000e+00              8.8000e+01              0.0000e+00 
                                                                    thread  42              7.9151e-01              1.3026e-02              0.0000e+00              8.7000e+01              0.0000e+00 
                                                                    thread  43              7.8649e-01              1.6851e-02              0.0000e+00              8.6000e+01              0.0000e+00 
                                                                    thread  44              7.8577e-01              1.6685e-02              0.0000e+00              8.1000e+01              0.0000e+00 
                                                                    thread  45              7.7842e-01              1.6650e-02              0.0000e+00              8.1000e+01              0.0000e+00 
                                                                    thread  46              7.9318e-01              1.6089e-02              0.0000e+00              8.2000e+01              0.0000e+00 
                                                                    thread  47              7.7815e-01              1.9879e-02              0.0000e+00              8.0000e+01              0.0000e+00 
                                                                    thread  48              7.9676e-01              1.9032e-02              0.0000e+00              1.1900e+02              0.0000e+00 
                                                                    thread  49              7.9461e-01              2.0588e-02              0.0000e+00              1.2600e+02              0.0000e+00 
                                                                    thread  50              7.9314e-01              2.2954e-02              0.0000e+00              1.2500e+02              0.0000e+00 
                                                                    thread  51              7.9067e-01              2.7630e-02              0.0000e+00              1.2600e+02              0.0000e+00 
                                                                    thread  52              7.9382e-01              2.2878e-02              0.0000e+00              1.1800e+02              0.0000e+00 
                                                                    thread  53              7.7270e-01              2.2529e-02              0.0000e+00              1.1800e+02              0.0000e+00 
                                                                    thread  54              7.7808e-01              2.0344e-02              0.0000e+00              1.2300e+02              0.0000e+00 
                                                                    thread  55              7.7810e-01              1.4319e-02              0.0000e+00              1.2100e+02              0.0000e+00 
                                                                    thread  56              7.9699e-01              1.3985e-02              0.0000e+00              1.8200e+02              0.0000e+00 
                                                                    thread  57              7.8539e-01              1.8651e-02              0.0000e+00              1.8400e+02              0.0000e+00 
                                                                    thread  58              7.8773e-01              1.3942e-02              0.0000e+00              1.9000e+02              0.0000e+00 
                                                                    thread  59              7.9026e-01              1.2794e-02              0.0000e+00              1.8700e+02              0.0000e+00 
                                                                    thread  60              7.9376e-01              1.4796e-02              0.0000e+00              1.8300e+02              0.0000e+00 
                                                                    thread  61              7.9571e-01              1.4129e-02              0.0000e+00              1.8300e+02              0.0000e+00 
                                                                    thread  62              7.9273e-01              1.4355e-02              0.0000e+00              1.8200e+02              0.0000e+00 
                                                                    thread  63              7.9687e-01              1.5494e-02              0.0000e+00              1.8300e+02              0.0000e+00 
                                                                    thread  64              7.8657e-01              2.3222e-02              0.0000e+00              6.1000e+01              0.0000e+00 
                                                                    thread  65              7.8875e-01              1.7247e-02              0.0000e+00              6.5000e+01              0.0000e+00 
                                                                    thread  66              7.8847e-01              1.7296e-02              0.0000e+00              6.3000e+01              0.0000e+00 
                                                                    thread  67              7.8415e-01              1.7320e-02              0.0000e+00              6.4000e+01              0.0000e+00 
                                                                    thread  68              7.9013e-01              1.2644e-02              0.0000e+00              6.1000e+01              0.0000e+00 
                                                                    thread  69              7.7107e-01              1.1248e-02              0.0000e+00              6.3000e+01              0.0000e+00 
                                                                    thread  70              7.7976e-01              1.5986e-02              0.0000e+00              6.2000e+01              0.0000e+00 
                                                                    thread  71              7.7362e-01              1.8088e-02              0.0000e+00              6.1000e+01              0.0000e+00 
                                                                    thread  72              7.7629e-01              1.2329e-02              0.0000e+00              6.2000e+01              0.0000e+00 
                                                                    thread  73              7.6571e-01              1.2649e-02              0.0000e+00              6.6000e+01              0.0000e+00 
                                                                    thread  74              7.7696e-01              1.5391e-02              0.0000e+00              6.6000e+01              0.0000e+00 
                                                                    thread  75              7.8396e-01              1.8734e-02              0.0000e+00              6.3000e+01              0.0000e+00 
                                                                    thread  76              7.4597e-01              2.0223e-02              0.0000e+00              6.1000e+01              0.0000e+00 
                                                                    thread  77              7.5383e-01              1.5165e-02              0.0000e+00              6.3000e+01              0.0000e+00 
                                                                    thread  78              7.5431e-01              1.1047e-02              0.0000e+00              6.2000e+01              0.0000e+00 
                                                                    thread  79              7.4602e-01              1.5502e-02              0.0000e+00              6.3000e+01              0.0000e+00 
                                                                    thread  80              7.4800e-01              2.0152e-02              0.0000e+00              7.5000e+01              0.0000e+00 
                                                                    thread  81              7.6720e-01              1.9629e-02              0.0000e+00              7.7000e+01              0.0000e+00 
                                                                    thread  82              7.5910e-01              1.7250e-02              0.0000e+00              7.7000e+01              0.0000e+00 
                                                                    thread  83              7.6417e-01              1.3737e-02              0.0000e+00              7.8000e+01              0.0000e+00 
                                                                    thread  84              7.6565e-01              1.1190e-02              0.0000e+00              7.5000e+01              0.0000e+00 
                                                                    thread  85              7.5746e-01              1.1895e-02              0.0000e+00              7.3000e+01              0.0000e+00 
                                                                    thread  86              7.5186e-01              1.2868e-02              0.0000e+00              7.5000e+01              0.0000e+00 
                                                                    thread  87              7.4875e-01              1.6126e-02              0.0000e+00              7.4000e+01              0.0000e+00 
                                                                    thread  88              7.5240e-01              1.8782e-02              0.0000e+00              7.4000e+01              0.0000e+00 
                                                                    thread  89              7.5688e-01              1.9875e-02              0.0000e+00              7.7000e+01              0.0000e+00 
                                                                    thread  90              7.5325e-01              1.4783e-02              0.0000e+00              7.9000e+01              0.0000e+00 
                                                                    thread  91              7.5639e-01              1.8475e-02              0.0000e+00              7.9000e+01              0.0000e+00 
                                                                    thread  92              7.7814e-01              1.3422e-02              0.0000e+00              7.4000e+01              0.0000e+00 
                                                                    thread  93              7.5643e-01              2.0906e-02              0.0000e+00              7.3000e+01              0.0000e+00 
                                                                    thread  94              7.4484e-01              2.2904e-02              0.0000e+00              7.3000e+01              0.0000e+00 
                                                                    thread  95              7.6298e-01              1.4227e-02              0.0000e+00              7.5000e+01              0.0000e+00 
 func: main file: main.c line: 149                                1         96  0.0000e+00  0.0000e+00  3.5981e+00  3.5981e+00  0.0000e+00  0.0000e+00  9.6000e+01  9.6000e+01  0.0000e+00  0.0000e+00 
                                                                    thread   0              0.0000e+00              6.7735e-02              0.0000e+00              1.0000e+00              0.0000e+00 
                                                                    thread   1              0.0000e+00              2.4140e-02              0.0000e+00              1.0000e+00              0.0000e+00 
                                                                    thread   2              0.0000e+00              2.7808e-02              0.0000e+00              1.0000e+00              0.0000e+00 
                                                                    thread   3              0.0000e+00              3.2543e-02              0.0000e+00              1.0000e+00              0.0000e+00 
                                                                    thread   4              0.0000e+00              4.8179e-02              0.0000e+00              1.0000e+00              0.0000e+00 
                                                                    thread   5              0.0000e+00              4.3222e-02              0.0000e+00              1.0000e+00              0.0000e+00 
                                                                    thread   6              0.0000e+00              4.4881e-02              0.0000e+00              1.0000e+00              0.0000e+00 
                                                                    thread   7              0.0000e+00              4.5000e-02              0.0000e+00              1.0000e+00              0.0000e+00 
                                                                    thread   8              0.0000e+00              3.2335e-02              0.0000e+00              1.0000e+00              0.0000e+00 
                                                                    thread   9              0.0000e+00              3.5529e-02              0.0000e+00              1.0000e+00              0.0000e+00 
                                                                    thread  10              0.0000e+00              3.6339e-02              0.0000e+00              1.0000e+00              0.0000e+00 
                                                                    thread  11              0.0000e+00              4.1221e-02              0.0000e+00              1.0000e+00              0.0000e+00 
                                                                    thread  12              0.0000e+00              4.1159e-02              0.0000e+00              1.0000e+00              0.0000e+00 
                                                                    thread  13              0.0000e+00              6.0989e-02              0.0000e+00              1.0000e+00              0.0000e+00 
                                                                    thread  14              0.0000e+00              4.0957e-02              0.0000e+00              1.0000e+00              0.0000e+00 
                                                                    thread  15              0.0000e+00              4.3460e-02              0.0000e+00              1.0000e+00              0.0000e+00 
                                                                    thread  16              0.0000e+00              3.6014e-02              0.0000e+00              1.0000e+00              0.0000e+00 
                                                                    thread  17              0.0000e+00              1.2433e-02              0.0000e+00              1.0000e+00              0.0000e+00 
                                                                    thread  18              0.0000e+00              3.5241e-02              0.0000e+00              1.0000e+00              0.0000e+00 
                                                                    thread  19              0.0000e+00              3.6804e-02              0.0000e+00              1.0000e+00              0.0000e+00 
                                                                    thread  20              0.0000e+00              3.5027e-02              0.0000e+00              1.0000e+00              0.0000e+00 
                                                                    thread  21              0.0000e+00              3.5188e-02              0.0000e+00              1.0000e+00              0.0000e+00 
                                                                    thread  22              0.0000e+00              2.7879e-02              0.0000e+00              1.0000e+00              0.0000e+00 
                                                                    thread  23              0.0000e+00              3.1949e-02              0.0000e+00              1.0000e+00              0.0000e+00 
                                                                    thread  24              0.0000e+00              5.0856e-02              0.0000e+00              1.0000e+00              0.0000e+00 
                                                                    thread  25              0.0000e+00              2.9502e-02              0.0000e+00              1.0000e+00              0.0000e+00 
                                                                    thread  26              0.0000e+00              2.7848e-02              0.0000e+00              1.0000e+00              0.0000e+00 
                                                                    thread  27              0.0000e+00              2.9566e-02              0.0000e+00              1.0000e+00              0.0000e+00 
                                                                    thread  28              0.0000e+00              5.5420e-02              0.0000e+00              1.0000e+00              0.0000e+00 
                                                                    thread  29              0.0000e+00              2.9659e-02              0.0000e+00              1.0000e+00              0.0000e+00 
                                                                    thread  30              0.0000e+00              6.4462e-02              0.0000e+00              1.0000e+00              0.0000e+00 
                                                                    thread  31              0.0000e+00              3.1718e-02              0.0000e+00              1.0000e+00              0.0000e+00 
                                                                    thread  32              0.0000e+00              1.1813e-02              0.0000e+00              1.0000e+00              0.0000e+00 
                                                                    thread  33              0.0000e+00              2.6485e-02              0.0000e+00              1.0000e+00              0.0000e+00 
                                                                    thread  34              0.0000e+00              1.7550e-02              0.0000e+00              1.0000e+00              0.0000e+00 
                                                                    thread  35              0.0000e+00              1.5031e-02              0.0000e+00              1.0000e+00              0.0000e+00 
                                                                    thread  36              0.0000e+00              1.4206e-02              0.0000e+00              1.0000e+00              0.0000e+00 
                                                                    thread  37              0.0000e+00              1.4154e-02              0.0000e+00              1.0000e+00              0.0000e+00 
                                                                    thread  38              0.0000e+00              2.6442e-02              0.0000e+00              1.0000e+00              0.0000e+00 
                                                                    thread  39              0.0000e+00              3.7407e-02              0.0000e+00              1.0000e+00              0.0000e+00 
                                                                    thread  40              0.0000e+00              4.2157e-02              0.0000e+00              1.0000e+00              0.0000e+00 
                                                                    thread  41              0.0000e+00              2.8460e-02              0.0000e+00              1.0000e+00              0.0000e+00 
                                                                    thread  42              0.0000e+00              2.8581e-02              0.0000e+00              1.0000e+00              0.0000e+00 
                                                                    thread  43              0.0000e+00              3.6842e-02              0.0000e+00              1.0000e+00              0.0000e+00 
                                                                    thread  44              0.0000e+00              3.7568e-02              0.0000e+00              1.0000e+00              0.0000e+00 
                                                                    thread  45              0.0000e+00              3.6451e-02              0.0000e+00              1.0000e+00              0.0000e+00 
                                                                    thread  46              0.0000e+00              3.6860e-02              0.0000e+00              1.0000e+00              0.0000e+00 
                                                                    thread  47              0.0000e+00              3.0261e-02              0.0000e+00              1.0000e+00              0.0000e+00 
                                                                    thread  48              0.0000e+00              4.1055e-02              0.0000e+00              1.0000e+00              0.0000e+00 
                                                                    thread  49              0.0000e+00              3.7027e-02              0.0000e+00              1.0000e+00              0.0000e+00 
                                                                    thread  50              0.0000e+00              3.3035e-02              0.0000e+00              1.0000e+00              0.0000e+00 
                                                                    thread  51              0.0000e+00              3.5327e-02              0.0000e+00              1.0000e+00              0.0000e+00 
                                                                    thread  52              0.0000e+00              4.2163e-02              0.0000e+00              1.0000e+00              0.0000e+00 
                                                                    thread  53              0.0000e+00              3.2019e-02              0.0000e+00              1.0000e+00              0.0000e+00 
                                                                    thread  54              0.0000e+00              5.1284e-02              0.0000e+00              1.0000e+00              0.0000e+00 
                                                                    thread  55              0.0000e+00              5.6352e-02              0.0000e+00              1.0000e+00              0.0000e+00 
                                                                    thread  56              0.0000e+00              4.0990e-02              0.0000e+00              1.0000e+00              0.0000e+00 
                                                                    thread  57              0.0000e+00              4.0666e-02              0.0000e+00              1.0000e+00              0.0000e+00 
                                                                    thread  58              0.0000e+00              4.8619e-02              0.0000e+00              1.0000e+00              0.0000e+00 
                                                                    thread  59              0.0000e+00              4.0447e-02              0.0000e+00              1.0000e+00              0.0000e+00 
                                                                    thread  60              0.0000e+00              4.1822e-02              0.0000e+00              1.0000e+00              0.0000e+00 
                                                                    thread  61              0.0000e+00              3.5346e-02              0.0000e+00              1.0000e+00              0.0000e+00 
                                                                    thread  62              0.0000e+00              3.5268e-02              0.0000e+00              1.0000e+00              0.0000e+00 
                                                                    thread  63              0.0000e+00              3.5311e-02              0.0000e+00              1.0000e+00              0.0000e+00 
                                                                    thread  64              0.0000e+00              4.1122e-02              0.0000e+00              1.0000e+00              0.0000e+00 
                                                                    thread  65              0.0000e+00              4.1090e-02              0.0000e+00              1.0000e+00              0.0000e+00 
                                                                    thread  66              0.0000e+00              4.1773e-02              0.0000e+00              1.0000e+00              0.0000e+00 
                                                                    thread  67              0.0000e+00              4.1679e-02              0.0000e+00              1.0000e+00              0.0000e+00 
                                                                    thread  68              0.0000e+00              4.0025e-02              0.0000e+00              1.0000e+00              0.0000e+00 
                                                                    thread  69              0.0000e+00              3.9983e-02              0.0000e+00              1.0000e+00              0.0000e+00 
                                                                    thread  70              0.0000e+00              3.9981e-02              0.0000e+00              1.0000e+00              0.0000e+00 
                                                                    thread  71              0.0000e+00              4.1154e-02              0.0000e+00              1.0000e+00              0.0000e+00 
                                                                    thread  72              0.0000e+00              4.1130e-02              0.0000e+00              1.0000e+00              0.0000e+00 
                                                                    thread  73              0.0000e+00              4.0988e-02              0.0000e+00              1.0000e+00              0.0000e+00 
                                                                    thread  74              0.0000e+00              4.5385e-02              0.0000e+00              1.0000e+00              0.0000e+00 
                                                                    thread  75              0.0000e+00              4.1225e-02              0.0000e+00              1.0000e+00              0.0000e+00 
                                                                    thread  76              0.0000e+00              4.0530e-02              0.0000e+00              1.0000e+00              0.0000e+00 
                                                                    thread  77              0.0000e+00              3.7386e-02              0.0000e+00              1.0000e+00              0.0000e+00 
                                                                    thread  78              0.0000e+00              6.4585e-02              0.0000e+00              1.0000e+00              0.0000e+00 
                                                                    thread  79              0.0000e+00              6.2986e-02              0.0000e+00              1.0000e+00              0.0000e+00 
                                                                    thread  80              0.0000e+00              3.2351e-02              0.0000e+00              1.0000e+00              0.0000e+00 
                                                                    thread  81              0.0000e+00              9.2290e-03              0.0000e+00              1.0000e+00              0.0000e+00 
                                                                    thread  82              0.0000e+00              4.3760e-02              0.0000e+00              1.0000e+00              0.0000e+00 
                                                                    thread  83              0.0000e+00              3.4592e-02              0.0000e+00              1.0000e+00              0.0000e+00 
                                                                    thread  84              0.0000e+00              4.1563e-02              0.0000e+00              1.0000e+00              0.0000e+00 
                                                                    thread  85              0.0000e+00              4.9837e-02              0.0000e+00              1.0000e+00              0.0000e+00 
                                                                    thread  86              0.0000e+00              5.2853e-02              0.0000e+00              1.0000e+00              0.0000e+00 
                                                                    thread  87              0.0000e+00              2.6110e-02              0.0000e+00              1.0000e+00              0.0000e+00 
                                                                    thread  88              0.0000e+00              4.4445e-02              0.0000e+00              1.0000e+00              0.0000e+00 
                                                                    thread  89              0.0000e+00              4.6076e-02              0.0000e+00              1.0000e+00              0.0000e+00 
                                                                    thread  90              0.0000e+00              4.5484e-02              0.0000e+00              1.0000e+00              0.0000e+00 
                                                                    thread  91              0.0000e+00              4.6025e-02              0.0000e+00              1.0000e+00              0.0000e+00 
                                                                    thread  92              0.0000e+00              1.2056e-02              0.0000e+00              1.0000e+00              0.0000e+00 
                                                                    thread  93              0.0000e+00              1.2124e-02              0.0000e+00              1.0000e+00              0.0000e+00 
                                                                    thread  94              0.0000e+00              5.0608e-02              0.0000e+00              1.0000e+00              0.0000e+00 
                                                                    thread  95              0.0000e+00              2.7873e-02              0.0000e+00              1.0000e+00              0.0000e+00 

# --------------- Explicit task
#                                            <task name>    <count>   Work(s) (sum/avrg/sd)                   Time(s) (sum/avrg/sd)                 
 ;../../plasma/src/pdplgsy.c;plasma_pdplgsy_quark;43;9;;       8214   7.4258e+01   9.0405e-03   1.4156e-04   7.4258e+01   9.0405e-03   1.4156e-04 
 func: potrf file: pdpotrf.c line: 54                           222   1.8889e-01   8.5086e-04   2.6489e-05   1.8889e-01   8.5086e-04   2.6489e-05 
 func: trsm file: pdpotrf.c line: 63                           3996   8.1246e+00   2.0332e-03   7.6118e-05   8.1246e+00   2.0332e-03   7.6118e-05 
 func: syrk file: pdpotrf.c line: 77                           3996   7.3046e+00   1.8280e-03   7.2510e-05   7.3046e+00   1.8280e-03   7.2510e-05 
 func: gemm file: pdpotrf.c line: 90                          46620   1.0689e+02   2.2928e-03   1.3157e-05   1.0689e+02   2.2928e-03   1.3157e-05 
                                               Sub total      63048   1.9677e+02   3.1209e-03                1.9677e+02   3.1209e-03              

# --------------- Implicit task
#                                            <task name>    <count>   Work(s) (sum/avrg/sd)                   Time(s) (sum/avrg/sd)                 
 <undefined>                                                     96   0.0000e+00   0.0000e+00   0.0000e+00   0.0000e+00   0.0000e+00   0.0000e+00 
 func: RunTest file: time_dpotrf-task.c line: 43                576   3.2000e-04   5.5556e-07   1.7244e-07   0.0000e+00   0.0000e+00   0.0000e+00 
 func: RunTest file: time_dpotrf-task.c line: 57                576   7.2400e-04   1.2569e-06   5.0769e-07   0.0000e+00   0.0000e+00   0.0000e+00 
                                               Sub total       1248   1.0440e-03   8.3654e-07                0.0000e+00   0.0000e+00              


                                                   Total      64296   1.9677e+02   3.0603e-03                1.9677e+02   3.0603e-03              


