# Statistics about process 46788. Duration: 3.750950e+00(s)
#---------- Teams' Performance Counter
#                                            <team name>    <count> <#threads> | Work(s) total self    | Tidle(s) total self   | Time(s) total self    | #Task Exec total self | #Sync total self      
 func: RunTest file: time_dpotrf-task.c line: 57                  6        144  1.5528e+02  1.5528e+02  1.9424e+02  1.9424e+02  0.0000e+00  0.0000e+00  5.5698e+04  5.5698e+04  0.0000e+00  0.0000e+00 
                                                                    thread   0              1.1127e-01              1.7062e+00              0.0000e+00              5.5000e+01              0.0000e+00 
                                                                    thread   1              1.0290e+00              1.3928e+00              0.0000e+00              4.2000e+02              0.0000e+00 
                                                                    thread   2              1.0856e+00              1.3331e+00              0.0000e+00              4.1300e+02              0.0000e+00 
                                                                    thread   3              1.0592e+00              1.3611e+00              0.0000e+00              4.2200e+02              0.0000e+00 
                                                                    thread   4              9.9591e-01              1.4274e+00              0.0000e+00              4.1900e+02              0.0000e+00 
                                                                    thread   5              1.0882e+00              1.3341e+00              0.0000e+00              4.2700e+02              0.0000e+00 
                                                                    thread   6              1.0748e+00              1.3429e+00              0.0000e+00              4.2700e+02              0.0000e+00 
                                                                    thread   7              1.0852e+00              1.3349e+00              0.0000e+00              4.1900e+02              0.0000e+00 
                                                                    thread   8              1.1013e+00              1.3105e+00              0.0000e+00              4.1600e+02              0.0000e+00 
                                                                    thread   9              1.0887e+00              1.3271e+00              0.0000e+00              4.0500e+02              0.0000e+00 
                                                                    thread  10              9.9943e-01              1.3955e+00              0.0000e+00              4.0700e+02              0.0000e+00 
                                                                    thread  11              1.1010e+00              1.3149e+00              0.0000e+00              4.1600e+02              0.0000e+00 
                                                                    thread  12              1.1205e+00              1.2873e+00              0.0000e+00              4.1700e+02              0.0000e+00 
                                                                    thread  13              1.1347e+00              1.2659e+00              0.0000e+00              4.3000e+02              0.0000e+00 
                                                                    thread  14              1.1336e+00              1.2824e+00              0.0000e+00              4.2600e+02              0.0000e+00 
                                                                    thread  15              1.0294e+00              1.3877e+00              0.0000e+00              4.1400e+02              0.0000e+00 
                                                                    thread  16              1.1053e+00              1.2946e+00              0.0000e+00              4.1500e+02              0.0000e+00 
                                                                    thread  17              1.0963e+00              1.3196e+00              0.0000e+00              3.9800e+02              0.0000e+00 
                                                                    thread  18              1.0808e+00              1.3344e+00              0.0000e+00              4.3000e+02              0.0000e+00 
                                                                    thread  19              1.0265e+00              1.3843e+00              0.0000e+00              4.0300e+02              0.0000e+00 
                                                                    thread  20              1.0738e+00              1.3299e+00              0.0000e+00              4.3400e+02              0.0000e+00 
                                                                    thread  21              1.1126e+00              1.2920e+00              0.0000e+00              4.1300e+02              0.0000e+00 
                                                                    thread  22              1.1239e+00              1.2731e+00              0.0000e+00              4.2400e+02              0.0000e+00 
                                                                    thread  23              1.0999e+00              1.2994e+00              0.0000e+00              4.1200e+02              0.0000e+00 
                                                                    thread  24              1.0147e+00              1.3959e+00              0.0000e+00              4.1000e+02              0.0000e+00 
                                                                    thread  25              1.0749e+00              1.3666e+00              0.0000e+00              4.0200e+02              0.0000e+00 
                                                                    thread  26              1.0427e+00              1.4008e+00              0.0000e+00              4.0600e+02              0.0000e+00 
                                                                    thread  27              1.0889e+00              1.3566e+00              0.0000e+00              4.0300e+02              0.0000e+00 
                                                                    thread  28              1.0350e+00              1.3694e+00              0.0000e+00              4.1000e+02              0.0000e+00 
                                                                    thread  29              1.0482e+00              1.3840e+00              0.0000e+00              4.1400e+02              0.0000e+00 
                                                                    thread  30              1.1061e+00              1.3242e+00              0.0000e+00              4.0600e+02              0.0000e+00 
                                                                    thread  31              1.1327e+00              1.2954e+00              0.0000e+00              4.1500e+02              0.0000e+00 
                                                                    thread  32              1.0347e+00              1.3809e+00              0.0000e+00              3.8900e+02              0.0000e+00 
                                                                    thread  33              1.0284e+00              1.4009e+00              0.0000e+00              3.8900e+02              0.0000e+00 
                                                                    thread  34              1.1230e+00              1.3058e+00              0.0000e+00              4.0300e+02              0.0000e+00 
                                                                    thread  35              1.0242e+00              1.3886e+00              0.0000e+00              3.8800e+02              0.0000e+00 
                                                                    thread  36              1.0736e+00              1.3599e+00              0.0000e+00              3.8100e+02              0.0000e+00 
                                                                    thread  37              1.1040e+00              1.3293e+00              0.0000e+00              3.9800e+02              0.0000e+00 
                                                                    thread  38              1.0824e+00              1.3527e+00              0.0000e+00              3.8300e+02              0.0000e+00 
                                                                    thread  39              1.1131e+00              1.3203e+00              0.0000e+00              4.0400e+02              0.0000e+00 
                                                                    thread  40              1.1105e+00              1.3150e+00              0.0000e+00              3.9600e+02              0.0000e+00 
                                                                    thread  41              1.0896e+00              1.3363e+00              0.0000e+00              4.0200e+02              0.0000e+00 
                                                                    thread  42              1.0929e+00              1.3142e+00              0.0000e+00              4.0800e+02              0.0000e+00 
                                                                    thread  43              1.0880e+00              1.3394e+00              0.0000e+00              3.8600e+02              0.0000e+00 
                                                                    thread  44              1.1034e+00              1.3152e+00              0.0000e+00              4.0400e+02              0.0000e+00 
                                                                    thread  45              1.1062e+00              1.3288e+00              0.0000e+00              4.0800e+02              0.0000e+00 
                                                                    thread  46              1.0977e+00              1.3414e+00              0.0000e+00              3.9200e+02              0.0000e+00 
                                                                    thread  47              1.0543e+00              1.3821e+00              0.0000e+00              4.1500e+02              0.0000e+00 
                                                                    thread  48              1.0627e+00              1.3430e+00              0.0000e+00              3.8200e+02              0.0000e+00 
                                                                    thread  49              1.1409e+00              1.2896e+00              0.0000e+00              4.1200e+02              0.0000e+00 
                                                                    thread  50              1.0203e+00              1.4077e+00              0.0000e+00              3.9300e+02              0.0000e+00 
                                                                    thread  51              1.0505e+00              1.3845e+00              0.0000e+00              4.0400e+02              0.0000e+00 
                                                                    thread  52              1.1156e+00              1.2959e+00              0.0000e+00              4.0300e+02              0.0000e+00 
                                                                    thread  53              1.0877e+00              1.3472e+00              0.0000e+00              3.9400e+02              0.0000e+00 
                                                                    thread  54              1.0303e+00              1.3995e+00              0.0000e+00              3.9100e+02              0.0000e+00 
                                                                    thread  55              1.1184e+00              1.3142e+00              0.0000e+00              4.1100e+02              0.0000e+00 
                                                                    thread  56              1.0363e+00              1.3850e+00              0.0000e+00              4.0700e+02              0.0000e+00 
                                                                    thread  57              1.0874e+00              1.3359e+00              0.0000e+00              3.9400e+02              0.0000e+00 
                                                                    thread  58              1.0747e+00              1.3504e+00              0.0000e+00              3.9600e+02              0.0000e+00 
                                                                    thread  59              1.1234e+00              1.3050e+00              0.0000e+00              4.0800e+02              0.0000e+00 
                                                                    thread  60              1.0682e+00              1.3577e+00              0.0000e+00              3.9600e+02              0.0000e+00 
                                                                    thread  61              1.1022e+00              1.3241e+00              0.0000e+00              3.8900e+02              0.0000e+00 
                                                                    thread  62              1.0618e+00              1.3719e+00              0.0000e+00              4.1400e+02              0.0000e+00 
                                                                    thread  63              1.0711e+00              1.3621e+00              0.0000e+00              3.8700e+02              0.0000e+00 
                                                                    thread  64              1.1201e+00              1.3018e+00              0.0000e+00              3.9400e+02              0.0000e+00 
                                                                    thread  65              1.0823e+00              1.3451e+00              0.0000e+00              3.7700e+02              0.0000e+00 
                                                                    thread  66              1.0604e+00              1.3848e+00              0.0000e+00              3.8600e+02              0.0000e+00 
                                                                    thread  67              1.0943e+00              1.3241e+00              0.0000e+00              3.8400e+02              0.0000e+00 
                                                                    thread  68              1.1016e+00              1.3302e+00              0.0000e+00              3.7700e+02              0.0000e+00 
                                                                    thread  69              1.0876e+00              1.3487e+00              0.0000e+00              3.7300e+02              0.0000e+00 
                                                                    thread  70              1.1348e+00              1.3032e+00              0.0000e+00              3.9500e+02              0.0000e+00 
                                                                    thread  71              1.1212e+00              1.3047e+00              0.0000e+00              4.0200e+02              0.0000e+00 
                                                                    thread  72              1.0906e+00              1.3389e+00              0.0000e+00              3.8100e+02              0.0000e+00 
                                                                    thread  73              1.1141e+00              1.3162e+00              0.0000e+00              3.8800e+02              0.0000e+00 
                                                                    thread  74              1.0846e+00              1.3462e+00              0.0000e+00              4.0300e+02              0.0000e+00 
                                                                    thread  75              1.1051e+00              1.3251e+00              0.0000e+00              3.8500e+02              0.0000e+00 
                                                                    thread  76              1.0960e+00              1.3345e+00              0.0000e+00              3.7300e+02              0.0000e+00 
                                                                    thread  77              1.1043e+00              1.3331e+00              0.0000e+00              3.8700e+02              0.0000e+00 
                                                                    thread  78              1.0993e+00              1.3350e+00              0.0000e+00              3.9400e+02              0.0000e+00 
                                                                    thread  79              1.0985e+00              1.3414e+00              0.0000e+00              3.8800e+02              0.0000e+00 
                                                                    thread  80              1.0370e+00              1.3807e+00              0.0000e+00              3.7400e+02              0.0000e+00 
                                                                    thread  81              1.1101e+00              1.3220e+00              0.0000e+00              3.9000e+02              0.0000e+00 
                                                                    thread  82              1.1416e+00              1.2952e+00              0.0000e+00              3.8400e+02              0.0000e+00 
                                                                    thread  83              1.0919e+00              1.3364e+00              0.0000e+00              3.7100e+02              0.0000e+00 
                                                                    thread  84              1.0151e+00              1.4184e+00              0.0000e+00              3.6500e+02              0.0000e+00 
                                                                    thread  85              1.1066e+00              1.3290e+00              0.0000e+00              3.8700e+02              0.0000e+00 
                                                                    thread  86              1.0666e+00              1.3692e+00              0.0000e+00              3.8500e+02              0.0000e+00 
                                                                    thread  87              1.1014e+00              1.3348e+00              0.0000e+00              3.7600e+02              0.0000e+00 
                                                                    thread  88              1.1146e+00              1.3158e+00              0.0000e+00              3.8900e+02              0.0000e+00 
                                                                    thread  89              1.1267e+00              1.3087e+00              0.0000e+00              3.7400e+02              0.0000e+00 
                                                                    thread  90              1.1081e+00              1.3333e+00              0.0000e+00              3.8400e+02              0.0000e+00 
                                                                    thread  91              1.0896e+00              1.3435e+00              0.0000e+00              3.7500e+02              0.0000e+00 
                                                                    thread  92              1.0370e+00              1.3862e+00              0.0000e+00              3.7200e+02              0.0000e+00 
                                                                    thread  93              1.0329e+00              1.3921e+00              0.0000e+00              3.7200e+02              0.0000e+00 
                                                                    thread  94              1.0679e+00              1.3839e+00              0.0000e+00              3.9200e+02              0.0000e+00 
                                                                    thread  95              1.0585e+00              1.3666e+00              0.0000e+00              3.8600e+02              0.0000e+00 
                                                                    thread  96              1.0811e+00              1.3544e+00              0.0000e+00              3.6200e+02              0.0000e+00 
                                                                    thread  97              1.1110e+00              1.3259e+00              0.0000e+00              3.7700e+02              0.0000e+00 
                                                                    thread  98              1.0779e+00              1.3518e+00              0.0000e+00              3.7400e+02              0.0000e+00 
                                                                    thread  99              1.1023e+00              1.3381e+00              0.0000e+00              3.7800e+02              0.0000e+00 
                                                                    thread 100              1.1023e+00              1.3208e+00              0.0000e+00              3.6500e+02              0.0000e+00 
                                                                    thread 101              1.1020e+00              1.3472e+00              0.0000e+00              3.7900e+02              0.0000e+00 
                                                                    thread 102              1.1071e+00              1.3211e+00              0.0000e+00              3.8300e+02              0.0000e+00 
                                                                    thread 103              1.0376e+00              1.4118e+00              0.0000e+00              3.7500e+02              0.0000e+00 
                                                                    thread 104              1.0736e+00              1.3556e+00              0.0000e+00              3.5900e+02              0.0000e+00 
                                                                    thread 105              1.0972e+00              1.3361e+00              0.0000e+00              3.6900e+02              0.0000e+00 
                                                                    thread 106              1.0758e+00              1.3552e+00              0.0000e+00              3.6300e+02              0.0000e+00 
                                                                    thread 107              1.0925e+00              1.3432e+00              0.0000e+00              3.7800e+02              0.0000e+00 
                                                                    thread 108              1.1329e+00              1.3163e+00              0.0000e+00              3.8500e+02              0.0000e+00 
                                                                    thread 109              1.0793e+00              1.3487e+00              0.0000e+00              3.6100e+02              0.0000e+00 
                                                                    thread 110              1.0885e+00              1.3455e+00              0.0000e+00              3.8100e+02              0.0000e+00 
                                                                    thread 111              1.1073e+00              1.3403e+00              0.0000e+00              3.6700e+02              0.0000e+00 
                                                                    thread 112              1.1174e+00              1.3234e+00              0.0000e+00              3.8300e+02              0.0000e+00 
                                                                    thread 113              1.0999e+00              1.3627e+00              0.0000e+00              3.6800e+02              0.0000e+00 
                                                                    thread 114              1.0593e+00              1.4115e+00              0.0000e+00              3.8000e+02              0.0000e+00 
                                                                    thread 115              1.0803e+00              1.3812e+00              0.0000e+00              3.9000e+02              0.0000e+00 
                                                                    thread 116              1.0848e+00              1.3718e+00              0.0000e+00              3.6900e+02              0.0000e+00 
                                                                    thread 117              1.1257e+00              1.3337e+00              0.0000e+00              3.7800e+02              0.0000e+00 
                                                                    thread 118              1.1322e+00              1.3213e+00              0.0000e+00              3.7400e+02              0.0000e+00 
                                                                    thread 119              1.1091e+00              1.3469e+00              0.0000e+00              3.7600e+02              0.0000e+00 
                                                                    thread 120              1.1114e+00              1.3554e+00              0.0000e+00              3.6400e+02              0.0000e+00 
                                                                    thread 121              1.0962e+00              1.3679e+00              0.0000e+00              3.6500e+02              0.0000e+00 
                                                                    thread 122              1.0827e+00              1.3816e+00              0.0000e+00              3.6500e+02              0.0000e+00 
                                                                    thread 123              1.0195e+00              1.4512e+00              0.0000e+00              3.6600e+02              0.0000e+00 
                                                                    thread 124              1.0729e+00              1.3768e+00              0.0000e+00              3.6300e+02              0.0000e+00 
                                                                    thread 125              1.1268e+00              1.3265e+00              0.0000e+00              3.7700e+02              0.0000e+00 
                                                                    thread 126              1.1156e+00              1.3357e+00              0.0000e+00              3.7400e+02              0.0000e+00 
                                                                    thread 127              1.1059e+00              1.3484e+00              0.0000e+00              3.6500e+02              0.0000e+00 
                                                                    thread 128              1.0533e+00              1.3849e+00              0.0000e+00              3.5600e+02              0.0000e+00 
                                                                    thread 129              1.1035e+00              1.3328e+00              0.0000e+00              3.7500e+02              0.0000e+00 
                                                                    thread 130              1.0534e+00              1.3801e+00              0.0000e+00              3.7300e+02              0.0000e+00 
                                                                    thread 131              1.1068e+00              1.3273e+00              0.0000e+00              3.6700e+02              0.0000e+00 
                                                                    thread 132              1.0937e+00              1.3466e+00              0.0000e+00              3.7100e+02              0.0000e+00 
                                                                    thread 133              1.0780e+00              1.3628e+00              0.0000e+00              3.5900e+02              0.0000e+00 
                                                                    thread 134              1.1015e+00              1.3372e+00              0.0000e+00              3.5500e+02              0.0000e+00 
                                                                    thread 135              1.1084e+00              1.3301e+00              0.0000e+00              3.7600e+02              0.0000e+00 
                                                                    thread 136              1.0592e+00              1.3671e+00              0.0000e+00              3.7700e+02              0.0000e+00 
                                                                    thread 137              1.0545e+00              1.3776e+00              0.0000e+00              3.7300e+02              0.0000e+00 
                                                                    thread 138              1.0707e+00              1.3588e+00              0.0000e+00              3.6800e+02              0.0000e+00 
                                                                    thread 139              1.0874e+00              1.3439e+00              0.0000e+00              3.6500e+02              0.0000e+00 
                                                                    thread 140              1.0821e+00              1.3498e+00              0.0000e+00              3.5800e+02              0.0000e+00 
                                                                    thread 141              1.0798e+00              1.3628e+00              0.0000e+00              3.5200e+02              0.0000e+00 
                                                                    thread 142              1.0581e+00              1.3828e+00              0.0000e+00              3.8400e+02              0.0000e+00 
                                                                    thread 143              1.1023e+00              1.3452e+00              0.0000e+00              3.5800e+02              0.0000e+00 
 func: RunTest file: time_dpotrf-task.c line: 43                  6        144  1.2967e+02  1.2967e+02  9.8784e+00  9.8784e+00  0.0000e+00  0.0000e+00  9.0780e+03  9.0780e+03  0.0000e+00  0.0000e+00 
                                                                    thread   0              6.3455e-01              3.7219e-01              0.0000e+00              8.1000e+01              0.0000e+00 
                                                                    thread   1              9.7189e-01              3.0826e-02              0.0000e+00              6.8000e+01              0.0000e+00 
                                                                    thread   2              9.6611e-01              3.3390e-02              0.0000e+00              6.7000e+01              0.0000e+00 
                                                                    thread   3              9.7046e-01              2.9771e-02              0.0000e+00              6.5000e+01              0.0000e+00 
                                                                    thread   4              9.6622e-01              3.3873e-02              0.0000e+00              6.7000e+01              0.0000e+00 
                                                                    thread   5              9.5475e-01              4.3367e-02              0.0000e+00              6.6000e+01              0.0000e+00 
                                                                    thread   6              9.6264e-01              3.3782e-02              0.0000e+00              6.7000e+01              0.0000e+00 
                                                                    thread   7              9.6512e-01              3.4970e-02              0.0000e+00              6.7000e+01              0.0000e+00 
                                                                    thread   8              9.6537e-01              2.8231e-02              0.0000e+00              6.5000e+01              0.0000e+00 
                                                                    thread   9              8.8401e-01              1.0865e-01              0.0000e+00              6.6000e+01              0.0000e+00 
                                                                    thread  10              9.5585e-01              3.0513e-02              0.0000e+00              6.6000e+01              0.0000e+00 
                                                                    thread  11              8.5956e-01              1.4274e-01              0.0000e+00              6.2000e+01              0.0000e+00 
                                                                    thread  12              9.5277e-01              4.5317e-02              0.0000e+00              6.3000e+01              0.0000e+00 
                                                                    thread  13              9.6091e-01              3.0777e-02              0.0000e+00              6.3000e+01              0.0000e+00 
                                                                    thread  14              9.5450e-01              3.7208e-02              0.0000e+00              6.4000e+01              0.0000e+00 
                                                                    thread  15              9.6597e-01              3.3843e-02              0.0000e+00              6.4000e+01              0.0000e+00 
                                                                    thread  16              9.4799e-01              2.6742e-02              0.0000e+00              6.3000e+01              0.0000e+00 
                                                                    thread  17              8.7902e-01              9.9967e-02              0.0000e+00              6.4000e+01              0.0000e+00 
                                                                    thread  18              9.1976e-01              5.4171e-02              0.0000e+00              6.2000e+01              0.0000e+00 
                                                                    thread  19              8.6301e-01              1.2464e-01              0.0000e+00              6.2000e+01              0.0000e+00 
                                                                    thread  20              9.5927e-01              5.1039e-02              0.0000e+00              6.2000e+01              0.0000e+00 
                                                                    thread  21              9.4339e-01              4.6145e-02              0.0000e+00              6.6000e+01              0.0000e+00 
                                                                    thread  22              9.4732e-01              5.0013e-02              0.0000e+00              6.4000e+01              0.0000e+00 
                                                                    thread  23              9.6470e-01              3.7261e-02              0.0000e+00              6.5000e+01              0.0000e+00 
                                                                    thread  24              8.2765e-01              1.1712e-01              0.0000e+00              6.4000e+01              0.0000e+00 
                                                                    thread  25              8.7487e-01              7.3178e-02              0.0000e+00              6.1000e+01              0.0000e+00 
                                                                    thread  26              8.8147e-01              6.4009e-02              0.0000e+00              6.1000e+01              0.0000e+00 
                                                                    thread  27              8.8813e-01              6.3359e-02              0.0000e+00              6.1000e+01              0.0000e+00 
                                                                    thread  28              8.6944e-01              9.2185e-02              0.0000e+00              6.3000e+01              0.0000e+00 
                                                                    thread  29              8.5539e-01              1.1631e-01              0.0000e+00              6.1000e+01              0.0000e+00 
                                                                    thread  30              8.4220e-01              1.3448e-01              0.0000e+00              6.1000e+01              0.0000e+00 
                                                                    thread  31              8.6136e-01              9.8884e-02              0.0000e+00              6.1000e+01              0.0000e+00 
                                                                    thread  32              9.5427e-01              4.2104e-02              0.0000e+00              6.6000e+01              0.0000e+00 
                                                                    thread  33              9.6407e-01              3.2624e-02              0.0000e+00              6.2000e+01              0.0000e+00 
                                                                    thread  34              9.6539e-01              3.4786e-02              0.0000e+00              6.6000e+01              0.0000e+00 
                                                                    thread  35              8.8437e-01              9.9437e-02              0.0000e+00              6.2000e+01              0.0000e+00 
                                                                    thread  36              8.8968e-01              8.8727e-02              0.0000e+00              6.2000e+01              0.0000e+00 
                                                                    thread  37              9.0814e-01              4.2781e-02              0.0000e+00              6.3000e+01              0.0000e+00 
                                                                    thread  38              9.3283e-01              2.7615e-02              0.0000e+00              6.6000e+01              0.0000e+00 
                                                                    thread  39              9.1616e-01              6.9357e-02              0.0000e+00              6.2000e+01              0.0000e+00 
                                                                    thread  40              9.3568e-01              3.8107e-02              0.0000e+00              6.2000e+01              0.0000e+00 
                                                                    thread  41              8.7670e-01              7.6095e-02              0.0000e+00              6.3000e+01              0.0000e+00 
                                                                    thread  42              9.3957e-01              3.6758e-02              0.0000e+00              6.2000e+01              0.0000e+00 
                                                                    thread  43              8.7977e-01              8.9480e-02              0.0000e+00              6.3000e+01              0.0000e+00 
                                                                    thread  44              9.1800e-01              4.3573e-02              0.0000e+00              6.4000e+01              0.0000e+00 
                                                                    thread  45              9.3276e-01              3.2282e-02              0.0000e+00              6.4000e+01              0.0000e+00 
                                                                    thread  46              8.5850e-01              1.0438e-01              0.0000e+00              6.1000e+01              0.0000e+00 
                                                                    thread  47              9.3033e-01              3.7893e-02              0.0000e+00              6.4000e+01              0.0000e+00 
                                                                    thread  48              9.5111e-01              3.3252e-02              0.0000e+00              9.6000e+01              0.0000e+00 
                                                                    thread  49              8.5881e-01              1.2477e-01              0.0000e+00              9.2000e+01              0.0000e+00 
                                                                    thread  50              9.2628e-01              5.0987e-02              0.0000e+00              9.3000e+01              0.0000e+00 
                                                                    thread  51              9.3186e-01              6.3923e-02              0.0000e+00              8.9000e+01              0.0000e+00 
                                                                    thread  52              8.5727e-01              1.2880e-01              0.0000e+00              9.2000e+01              0.0000e+00 
                                                                    thread  53              9.0397e-01              7.1127e-02              0.0000e+00              9.7000e+01              0.0000e+00 
                                                                    thread  54              8.4649e-01              1.3765e-01              0.0000e+00              9.5000e+01              0.0000e+00 
                                                                    thread  55              8.3893e-01              1.3196e-01              0.0000e+00              9.2000e+01              0.0000e+00 
                                                                    thread  56              8.8231e-01              1.0740e-01              0.0000e+00              1.5400e+02              0.0000e+00 
                                                                    thread  57              9.3885e-01              4.2048e-02              0.0000e+00              1.5000e+02              0.0000e+00 
                                                                    thread  58              9.3725e-01              4.3156e-02              0.0000e+00              1.4700e+02              0.0000e+00 
                                                                    thread  59              9.4679e-01              4.1297e-02              0.0000e+00              1.4900e+02              0.0000e+00 
                                                                    thread  60              9.1523e-01              5.6302e-02              0.0000e+00              1.4500e+02              0.0000e+00 
                                                                    thread  61              8.6373e-01              1.1214e-01              0.0000e+00              1.4500e+02              0.0000e+00 
                                                                    thread  62              8.8524e-01              9.3425e-02              0.0000e+00              1.4700e+02              0.0000e+00 
                                                                    thread  63              9.2700e-01              4.8598e-02              0.0000e+00              1.5000e+02              0.0000e+00 
                                                                    thread  64              9.6286e-01              3.0432e-02              0.0000e+00              4.8000e+01              0.0000e+00 
                                                                    thread  65              9.5591e-01              4.4473e-02              0.0000e+00              4.9000e+01              0.0000e+00 
                                                                    thread  66              9.6971e-01              2.1297e-02              0.0000e+00              4.9000e+01              0.0000e+00 
                                                                    thread  67              8.9926e-01              1.0336e-01              0.0000e+00              4.8000e+01              0.0000e+00 
                                                                    thread  68              9.5941e-01              3.2141e-02              0.0000e+00              4.8000e+01              0.0000e+00 
                                                                    thread  69              8.7117e-01              9.9021e-02              0.0000e+00              4.8000e+01              0.0000e+00 
                                                                    thread  70              8.7085e-01              1.1694e-01              0.0000e+00              4.8000e+01              0.0000e+00 
                                                                    thread  71              9.3944e-01              2.8834e-02              0.0000e+00              4.8000e+01              0.0000e+00 
                                                                    thread  72              9.3628e-01              2.8999e-02              0.0000e+00              4.8000e+01              0.0000e+00 
                                                                    thread  73              8.5077e-01              1.1627e-01              0.0000e+00              4.9000e+01              0.0000e+00 
                                                                    thread  74              9.4684e-01              2.4289e-02              0.0000e+00              4.9000e+01              0.0000e+00 
                                                                    thread  75              9.5030e-01              2.7033e-02              0.0000e+00              4.8000e+01              0.0000e+00 
                                                                    thread  76              8.4749e-01              1.0946e-01              0.0000e+00              4.8000e+01              0.0000e+00 
                                                                    thread  77              8.7174e-01              8.5898e-02              0.0000e+00              4.8000e+01              0.0000e+00 
                                                                    thread  78              9.0506e-01              5.7687e-02              0.0000e+00              4.8000e+01              0.0000e+00 
                                                                    thread  79              9.4007e-01              2.5702e-02              0.0000e+00              4.8000e+01              0.0000e+00 
                                                                    thread  80              8.8531e-01              6.6658e-02              0.0000e+00              5.8000e+01              0.0000e+00 
                                                                    thread  81              8.6643e-01              7.8941e-02              0.0000e+00              5.6000e+01              0.0000e+00 
                                                                    thread  82              8.7770e-01              7.1532e-02              0.0000e+00              5.4000e+01              0.0000e+00 
                                                                    thread  83              9.1259e-01              4.1179e-02              0.0000e+00              5.6000e+01              0.0000e+00 
                                                                    thread  84              8.7791e-01              7.3626e-02              0.0000e+00              5.7000e+01              0.0000e+00 
                                                                    thread  85              8.5904e-01              9.9934e-02              0.0000e+00              5.4000e+01              0.0000e+00 
                                                                    thread  86              8.5561e-01              9.7849e-02              0.0000e+00              5.8000e+01              0.0000e+00 
                                                                    thread  87              8.5816e-01              9.1245e-02              0.0000e+00              5.7000e+01              0.0000e+00 
                                                                    thread  88              8.0213e-01              1.4387e-01              0.0000e+00              5.6000e+01              0.0000e+00 
                                                                    thread  89              8.4144e-01              1.0513e-01              0.0000e+00              5.7000e+01              0.0000e+00 
                                                                    thread  90              9.0075e-01              4.8232e-02              0.0000e+00              5.7000e+01              0.0000e+00 
                                                                    thread  91              8.9685e-01              4.9534e-02              0.0000e+00              5.4000e+01              0.0000e+00 
                                                                    thread  92              8.5329e-01              6.1401e-02              0.0000e+00              5.5000e+01              0.0000e+00 
                                                                    thread  93              8.2868e-01              1.1223e-01              0.0000e+00              5.5000e+01              0.0000e+00 
                                                                    thread  94              7.8626e-01              1.1436e-01              0.0000e+00              5.3000e+01              0.0000e+00 
                                                                    thread  95              8.4781e-01              1.0378e-01              0.0000e+00              5.7000e+01              0.0000e+00 
                                                                    thread  96              9.2103e-01              3.2419e-02              0.0000e+00              4.9000e+01              0.0000e+00 
                                                                    thread  97              9.2344e-01              3.1100e-02              0.0000e+00              4.8000e+01              0.0000e+00 
                                                                    thread  98              9.3490e-01              3.9158e-02              0.0000e+00              4.8000e+01              0.0000e+00 
                                                                    thread  99              9.2567e-01              3.2174e-02              0.0000e+00              4.7000e+01              0.0000e+00 
                                                                    thread 100              9.2303e-01              3.5097e-02              0.0000e+00              4.7000e+01              0.0000e+00 
                                                                    thread 101              9.1520e-01              2.5904e-02              0.0000e+00              4.8000e+01              0.0000e+00 
                                                                    thread 102              9.1722e-01              4.4256e-02              0.0000e+00              4.5000e+01              0.0000e+00 
                                                                    thread 103              9.4346e-01              3.0523e-02              0.0000e+00              4.7000e+01              0.0000e+00 
                                                                    thread 104              8.5775e-01              7.1634e-02              0.0000e+00              4.9000e+01              0.0000e+00 
                                                                    thread 105              8.7788e-01              6.5703e-02              0.0000e+00              4.8000e+01              0.0000e+00 
                                                                    thread 106              8.1323e-01              1.1747e-01              0.0000e+00              4.8000e+01              0.0000e+00 
                                                                    thread 107              9.1328e-01              4.4848e-02              0.0000e+00              4.9000e+01              0.0000e+00 
                                                                    thread 108              9.0919e-01              2.8751e-02              0.0000e+00              4.7000e+01              0.0000e+00 
                                                                    thread 109              8.3747e-01              1.0064e-01              0.0000e+00              4.9000e+01              0.0000e+00 
                                                                    thread 110              8.5819e-01              8.4376e-02              0.0000e+00              4.8000e+01              0.0000e+00 
                                                                    thread 111              8.2522e-01              1.0885e-01              0.0000e+00              4.7000e+01              0.0000e+00 
                                                                    thread 112              9.2239e-01              2.8860e-02              0.0000e+00              5.6000e+01              0.0000e+00 
                                                                    thread 113              8.5976e-01              6.2604e-02              0.0000e+00              5.6000e+01              0.0000e+00 
                                                                    thread 114              8.7496e-01              6.2904e-02              0.0000e+00              5.6000e+01              0.0000e+00 
                                                                    thread 115              9.1286e-01              2.9440e-02              0.0000e+00              5.6000e+01              0.0000e+00 
                                                                    thread 116              8.5097e-01              7.8154e-02              0.0000e+00              5.8000e+01              0.0000e+00 
                                                                    thread 117              8.5032e-01              7.9027e-02              0.0000e+00              5.4000e+01              0.0000e+00 
                                                                    thread 118              9.0447e-01              3.2888e-02              0.0000e+00              5.6000e+01              0.0000e+00 
                                                                    thread 119              9.0134e-01              4.5958e-02              0.0000e+00              5.5000e+01              0.0000e+00 
                                                                    thread 120              7.9983e-01              8.7344e-02              0.0000e+00              5.8000e+01              0.0000e+00 
                                                                    thread 121              8.5812e-01              5.8333e-02              0.0000e+00              5.6000e+01              0.0000e+00 
                                                                    thread 122              8.8404e-01              4.0716e-02              0.0000e+00              5.4000e+01              0.0000e+00 
                                                                    thread 123              8.1443e-01              1.0998e-01              0.0000e+00              5.6000e+01              0.0000e+00 
                                                                    thread 124              9.0511e-01              3.6297e-02              0.0000e+00              5.7000e+01              0.0000e+00 
                                                                    thread 125              8.9698e-01              5.3405e-02              0.0000e+00              5.6000e+01              0.0000e+00 
                                                                    thread 126              9.0897e-01              2.8245e-02              0.0000e+00              5.6000e+01              0.0000e+00 
                                                                    thread 127              9.0532e-01              3.9165e-02              0.0000e+00              5.8000e+01              0.0000e+00 
                                                                    thread 128              9.1102e-01              8.9631e-02              0.0000e+00              4.7000e+01              0.0000e+00 
                                                                    thread 129              8.6118e-01              1.4834e-01              0.0000e+00              4.5000e+01              0.0000e+00 
                                                                    thread 130              9.4794e-01              5.4928e-02              0.0000e+00              4.6000e+01              0.0000e+00 
                                                                    thread 131              9.1670e-01              1.0093e-01              0.0000e+00              4.7000e+01              0.0000e+00 
                                                                    thread 132              9.0238e-01              1.1066e-01              0.0000e+00              4.6000e+01              0.0000e+00 
                                                                    thread 133              9.5500e-01              4.5499e-02              0.0000e+00              4.6000e+01              0.0000e+00 
                                                                    thread 134              9.2338e-01              9.0030e-02              0.0000e+00              4.8000e+01              0.0000e+00 
                                                                    thread 135              8.9041e-01              1.1824e-01              0.0000e+00              4.6000e+01              0.0000e+00 
                                                                    thread 136              9.4966e-01              4.2249e-02              0.0000e+00              4.6000e+01              0.0000e+00 
                                                                    thread 137              8.7304e-01              9.7001e-02              0.0000e+00              4.7000e+01              0.0000e+00 
                                                                    thread 138              9.3915e-01              5.9254e-02              0.0000e+00              4.5000e+01              0.0000e+00 
                                                                    thread 139              9.3262e-01              3.8165e-02              0.0000e+00              4.6000e+01              0.0000e+00 
                                                                    thread 140              9.3401e-01              4.7159e-02              0.0000e+00              4.7000e+01              0.0000e+00 
                                                                    thread 141              8.5206e-01              1.2802e-01              0.0000e+00              4.8000e+01              0.0000e+00 
                                                                    thread 142              9.0363e-01              5.8883e-02              0.0000e+00              4.7000e+01              0.0000e+00 
                                                                    thread 143              8.9371e-01              7.0060e-02              0.0000e+00              4.6000e+01              0.0000e+00 
 func: main file: main.c line: 149                                1        144  0.0000e+00  0.0000e+00  3.9584e+00  3.9584e+00  0.0000e+00  0.0000e+00  1.4400e+02  1.4400e+02  0.0000e+00  0.0000e+00 
                                                                    thread   0              0.0000e+00              6.7997e-02              0.0000e+00              1.0000e+00              0.0000e+00 
                                                                    thread   1              0.0000e+00              2.8256e-02              0.0000e+00              1.0000e+00              0.0000e+00 
                                                                    thread   2              0.0000e+00              2.6267e-02              0.0000e+00              1.0000e+00              0.0000e+00 
                                                                    thread   3              0.0000e+00              2.7809e-02              0.0000e+00              1.0000e+00              0.0000e+00 
                                                                    thread   4              0.0000e+00              2.8362e-02              0.0000e+00              1.0000e+00              0.0000e+00 
                                                                    thread   5              0.0000e+00              2.8558e-02              0.0000e+00              1.0000e+00              0.0000e+00 
                                                                    thread   6              0.0000e+00              2.7222e-02              0.0000e+00              1.0000e+00              0.0000e+00 
                                                                    thread   7              0.0000e+00              2.8788e-02              0.0000e+00              1.0000e+00              0.0000e+00 
                                                                    thread   8              0.0000e+00              1.3602e-02              0.0000e+00              1.0000e+00              0.0000e+00 
                                                                    thread   9              0.0000e+00              1.1425e-02              0.0000e+00              1.0000e+00              0.0000e+00 
                                                                    thread  10              0.0000e+00              2.8141e-02              0.0000e+00              1.0000e+00              0.0000e+00 
                                                                    thread  11              0.0000e+00              2.8889e-02              0.0000e+00              1.0000e+00              0.0000e+00 
                                                                    thread  12              0.0000e+00              2.6676e-02              0.0000e+00              1.0000e+00              0.0000e+00 
                                                                    thread  13              0.0000e+00              1.1070e-02              0.0000e+00              1.0000e+00              0.0000e+00 
                                                                    thread  14              0.0000e+00              2.6964e-02              0.0000e+00              1.0000e+00              0.0000e+00 
                                                                    thread  15              0.0000e+00              2.6612e-02              0.0000e+00              1.0000e+00              0.0000e+00 
                                                                    thread  16              0.0000e+00              2.7934e-02              0.0000e+00              1.0000e+00              0.0000e+00 
                                                                    thread  17              0.0000e+00              3.6372e-02              0.0000e+00              1.0000e+00              0.0000e+00 
                                                                    thread  18              0.0000e+00              4.6504e-02              0.0000e+00              1.0000e+00              0.0000e+00 
                                                                    thread  19              0.0000e+00              2.6437e-02              0.0000e+00              1.0000e+00              0.0000e+00 
                                                                    thread  20              0.0000e+00              2.6305e-02              0.0000e+00              1.0000e+00              0.0000e+00 
                                                                    thread  21              0.0000e+00              1.0446e-02              0.0000e+00              1.0000e+00              0.0000e+00 
                                                                    thread  22              0.0000e+00              1.4608e-02              0.0000e+00              1.0000e+00              0.0000e+00 
                                                                    thread  23              0.0000e+00              1.4152e-02              0.0000e+00              1.0000e+00              0.0000e+00 
                                                                    thread  24              0.0000e+00              2.2708e-02              0.0000e+00              1.0000e+00              0.0000e+00 
                                                                    thread  25              0.0000e+00              2.3110e-02              0.0000e+00              1.0000e+00              0.0000e+00 
                                                                    thread  26              0.0000e+00              2.2575e-02              0.0000e+00              1.0000e+00              0.0000e+00 
                                                                    thread  27              0.0000e+00              9.0000e-03              0.0000e+00              1.0000e+00              0.0000e+00 
                                                                    thread  28              0.0000e+00              1.0385e-02              0.0000e+00              1.0000e+00              0.0000e+00 
                                                                    thread  29              0.0000e+00              3.6952e-02              0.0000e+00              1.0000e+00              0.0000e+00 
                                                                    thread  30              0.0000e+00              2.7081e-02              0.0000e+00              1.0000e+00              0.0000e+00 
                                                                    thread  31              0.0000e+00              2.0171e-02              0.0000e+00              1.0000e+00              0.0000e+00 
                                                                    thread  32              0.0000e+00              2.7774e-02              0.0000e+00              1.0000e+00              0.0000e+00 
                                                                    thread  33              0.0000e+00              2.4735e-02              0.0000e+00              1.0000e+00              0.0000e+00 
                                                                    thread  34              0.0000e+00              2.7691e-02              0.0000e+00              1.0000e+00              0.0000e+00 
                                                                    thread  35              0.0000e+00              3.2986e-02              0.0000e+00              1.0000e+00              0.0000e+00 
                                                                    thread  36              0.0000e+00              3.3907e-02              0.0000e+00              1.0000e+00              0.0000e+00 
                                                                    thread  37              0.0000e+00              4.6390e-02              0.0000e+00              1.0000e+00              0.0000e+00 
                                                                    thread  38              0.0000e+00              2.2188e-02              0.0000e+00              1.0000e+00              0.0000e+00 
                                                                    thread  39              0.0000e+00              3.3401e-02              0.0000e+00              1.0000e+00              0.0000e+00 
                                                                    thread  40              0.0000e+00              3.1433e-02              0.0000e+00              1.0000e+00              0.0000e+00 
                                                                    thread  41              0.0000e+00              3.5110e-02              0.0000e+00              1.0000e+00              0.0000e+00 
                                                                    thread  42              0.0000e+00              2.6198e-02              0.0000e+00              1.0000e+00              0.0000e+00 
                                                                    thread  43              0.0000e+00              2.6849e-02              0.0000e+00              1.0000e+00              0.0000e+00 
                                                                    thread  44              0.0000e+00              3.3020e-02              0.0000e+00              1.0000e+00              0.0000e+00 
                                                                    thread  45              0.0000e+00              2.2091e-02              0.0000e+00              1.0000e+00              0.0000e+00 
                                                                    thread  46              0.0000e+00              3.5374e-02              0.0000e+00              1.0000e+00              0.0000e+00 
                                                                    thread  47              0.0000e+00              2.5476e-02              0.0000e+00              1.0000e+00              0.0000e+00 
                                                                    thread  48              0.0000e+00              2.7847e-02              0.0000e+00              1.0000e+00              0.0000e+00 
                                                                    thread  49              0.0000e+00              2.7130e-02              0.0000e+00              1.0000e+00              0.0000e+00 
                                                                    thread  50              0.0000e+00              2.7955e-02              0.0000e+00              1.0000e+00              0.0000e+00 
                                                                    thread  51              0.0000e+00              1.2379e-02              0.0000e+00              1.0000e+00              0.0000e+00 
                                                                    thread  52              0.0000e+00              3.7459e-02              0.0000e+00              1.0000e+00              0.0000e+00 
                                                                    thread  53              0.0000e+00              3.4383e-02              0.0000e+00              1.0000e+00              0.0000e+00 
                                                                    thread  54              0.0000e+00              3.1839e-02              0.0000e+00              1.0000e+00              0.0000e+00 
                                                                    thread  55              0.0000e+00              3.4153e-02              0.0000e+00              1.0000e+00              0.0000e+00 
                                                                    thread  56              0.0000e+00              2.7939e-02              0.0000e+00              1.0000e+00              0.0000e+00 
                                                                    thread  57              0.0000e+00              2.7604e-02              0.0000e+00              1.0000e+00              0.0000e+00 
                                                                    thread  58              0.0000e+00              2.8254e-02              0.0000e+00              1.0000e+00              0.0000e+00 
                                                                    thread  59              0.0000e+00              2.9401e-02              0.0000e+00              1.0000e+00              0.0000e+00 
                                                                    thread  60              0.0000e+00              3.7710e-02              0.0000e+00              1.0000e+00              0.0000e+00 
                                                                    thread  61              0.0000e+00              3.6701e-02              0.0000e+00              1.0000e+00              0.0000e+00 
                                                                    thread  62              0.0000e+00              3.6616e-02              0.0000e+00              1.0000e+00              0.0000e+00 
                                                                    thread  63              0.0000e+00              3.5970e-02              0.0000e+00              1.0000e+00              0.0000e+00 
                                                                    thread  64              0.0000e+00              2.7766e-02              0.0000e+00              1.0000e+00              0.0000e+00 
                                                                    thread  65              0.0000e+00              2.7832e-02              0.0000e+00              1.0000e+00              0.0000e+00 
                                                                    thread  66              0.0000e+00              2.1192e-02              0.0000e+00              1.0000e+00              0.0000e+00 
                                                                    thread  67              0.0000e+00              1.8545e-02              0.0000e+00              1.0000e+00              0.0000e+00 
                                                                    thread  68              0.0000e+00              2.8159e-02              0.0000e+00              1.0000e+00              0.0000e+00 
                                                                    thread  69              0.0000e+00              3.0036e-02              0.0000e+00              1.0000e+00              0.0000e+00 
                                                                    thread  70              0.0000e+00              1.5305e-02              0.0000e+00              1.0000e+00              0.0000e+00 
                                                                    thread  71              0.0000e+00              1.5400e-02              0.0000e+00              1.0000e+00              0.0000e+00 
                                                                    thread  72              0.0000e+00              1.5258e-02              0.0000e+00              1.0000e+00              0.0000e+00 
                                                                    thread  73              0.0000e+00              1.5206e-02              0.0000e+00              1.0000e+00              0.0000e+00 
                                                                    thread  74              0.0000e+00              1.5409e-02              0.0000e+00              1.0000e+00              0.0000e+00 
                                                                    thread  75              0.0000e+00              1.5091e-02              0.0000e+00              1.0000e+00              0.0000e+00 
                                                                    thread  76              0.0000e+00              1.0596e-02              0.0000e+00              1.0000e+00              0.0000e+00 
                                                                    thread  77              0.0000e+00              2.2731e-02              0.0000e+00              1.0000e+00              0.0000e+00 
                                                                    thread  78              0.0000e+00              3.5811e-02              0.0000e+00              1.0000e+00              0.0000e+00 
                                                                    thread  79              0.0000e+00              1.4604e-02              0.0000e+00              1.0000e+00              0.0000e+00 
                                                                    thread  80              0.0000e+00              2.4321e-02              0.0000e+00              1.0000e+00              0.0000e+00 
                                                                    thread  81              0.0000e+00              3.7871e-02              0.0000e+00              1.0000e+00              0.0000e+00 
                                                                    thread  82              0.0000e+00              4.1674e-02              0.0000e+00              1.0000e+00              0.0000e+00 
                                                                    thread  83              0.0000e+00              2.0386e-02              0.0000e+00              1.0000e+00              0.0000e+00 
                                                                    thread  84              0.0000e+00              2.6820e-02              0.0000e+00              1.0000e+00              0.0000e+00 
                                                                    thread  85              0.0000e+00              3.9443e-02              0.0000e+00              1.0000e+00              0.0000e+00 
                                                                    thread  86              0.0000e+00              2.4427e-02              0.0000e+00              1.0000e+00              0.0000e+00 
                                                                    thread  87              0.0000e+00              2.3138e-02              0.0000e+00              1.0000e+00              0.0000e+00 
                                                                    thread  88              0.0000e+00              1.6765e-02              0.0000e+00              1.0000e+00              0.0000e+00 
                                                                    thread  89              0.0000e+00              1.6762e-02              0.0000e+00              1.0000e+00              0.0000e+00 
                                                                    thread  90              0.0000e+00              1.7281e-02              0.0000e+00              1.0000e+00              0.0000e+00 
                                                                    thread  91              0.0000e+00              1.3316e-02              0.0000e+00              1.0000e+00              0.0000e+00 
                                                                    thread  92              0.0000e+00              4.3676e-02              0.0000e+00              1.0000e+00              0.0000e+00 
                                                                    thread  93              0.0000e+00              2.8482e-02              0.0000e+00              1.0000e+00              0.0000e+00 
                                                                    thread  94              0.0000e+00              3.0252e-02              0.0000e+00              1.0000e+00              0.0000e+00 
                                                                    thread  95              0.0000e+00              2.7391e-02              0.0000e+00              1.0000e+00              0.0000e+00 
                                                                    thread  96              0.0000e+00              2.7273e-02              0.0000e+00              1.0000e+00              0.0000e+00 
                                                                    thread  97              0.0000e+00              1.6804e-02              0.0000e+00              1.0000e+00              0.0000e+00 
                                                                    thread  98              0.0000e+00              1.6439e-02              0.0000e+00              1.0000e+00              0.0000e+00 
                                                                    thread  99              0.0000e+00              2.3168e-02              0.0000e+00              1.0000e+00              0.0000e+00 
                                                                    thread 100              0.0000e+00              3.0578e-02              0.0000e+00              1.0000e+00              0.0000e+00 
                                                                    thread 101              0.0000e+00              3.0520e-02              0.0000e+00              1.0000e+00              0.0000e+00 
                                                                    thread 102              0.0000e+00              3.1025e-02              0.0000e+00              1.0000e+00              0.0000e+00 
                                                                    thread 103              0.0000e+00              2.3505e-02              0.0000e+00              1.0000e+00              0.0000e+00 
                                                                    thread 104              0.0000e+00              2.8678e-02              0.0000e+00              1.0000e+00              0.0000e+00 
                                                                    thread 105              0.0000e+00              2.7862e-02              0.0000e+00              1.0000e+00              0.0000e+00 
                                                                    thread 106              0.0000e+00              3.3850e-02              0.0000e+00              1.0000e+00              0.0000e+00 
                                                                    thread 107              0.0000e+00              2.8742e-02              0.0000e+00              1.0000e+00              0.0000e+00 
                                                                    thread 108              0.0000e+00              3.4191e-02              0.0000e+00              1.0000e+00              0.0000e+00 
                                                                    thread 109              0.0000e+00              3.8878e-02              0.0000e+00              1.0000e+00              0.0000e+00 
                                                                    thread 110              0.0000e+00              4.4495e-02              0.0000e+00              1.0000e+00              0.0000e+00 
                                                                    thread 111              0.0000e+00              4.2834e-02              0.0000e+00              1.0000e+00              0.0000e+00 
                                                                    thread 112              0.0000e+00              2.7645e-02              0.0000e+00              1.0000e+00              0.0000e+00 
                                                                    thread 113              0.0000e+00              3.1233e-02              0.0000e+00              1.0000e+00              0.0000e+00 
                                                                    thread 114              0.0000e+00              3.0290e-02              0.0000e+00              1.0000e+00              0.0000e+00 
                                                                    thread 115              0.0000e+00              2.8664e-02              0.0000e+00              1.0000e+00              0.0000e+00 
                                                                    thread 116              0.0000e+00              3.1462e-02              0.0000e+00              1.0000e+00              0.0000e+00 
                                                                    thread 117              0.0000e+00              2.2907e-02              0.0000e+00              1.0000e+00              0.0000e+00 
                                                                    thread 118              0.0000e+00              2.9519e-02              0.0000e+00              1.0000e+00              0.0000e+00 
                                                                    thread 119              0.0000e+00              3.2575e-02              0.0000e+00              1.0000e+00              0.0000e+00 
                                                                    thread 120              0.0000e+00              2.9383e-02              0.0000e+00              1.0000e+00              0.0000e+00 
                                                                    thread 121              0.0000e+00              3.0648e-02              0.0000e+00              1.0000e+00              0.0000e+00 
                                                                    thread 122              0.0000e+00              2.4168e-02              0.0000e+00              1.0000e+00              0.0000e+00 
                                                                    thread 123              0.0000e+00              1.5840e-02              0.0000e+00              1.0000e+00              0.0000e+00 
                                                                    thread 124              0.0000e+00              2.3543e-02              0.0000e+00              1.0000e+00              0.0000e+00 
                                                                    thread 125              0.0000e+00              1.5937e-02              0.0000e+00              1.0000e+00              0.0000e+00 
                                                                    thread 126              0.0000e+00              1.8196e-02              0.0000e+00              1.0000e+00              0.0000e+00 
                                                                    thread 127              0.0000e+00              2.8696e-02              0.0000e+00              1.0000e+00              0.0000e+00 
                                                                    thread 128              0.0000e+00              2.7788e-02              0.0000e+00              1.0000e+00              0.0000e+00 
                                                                    thread 129              0.0000e+00              2.3928e-02              0.0000e+00              1.0000e+00              0.0000e+00 
                                                                    thread 130              0.0000e+00              4.0551e-02              0.0000e+00              1.0000e+00              0.0000e+00 
                                                                    thread 131              0.0000e+00              2.3171e-02              0.0000e+00              1.0000e+00              0.0000e+00 
                                                                    thread 132              0.0000e+00              3.0327e-02              0.0000e+00              1.0000e+00              0.0000e+00 
                                                                    thread 133              0.0000e+00              2.3935e-02              0.0000e+00              1.0000e+00              0.0000e+00 
                                                                    thread 134              0.0000e+00              2.9015e-02              0.0000e+00              1.0000e+00              0.0000e+00 
                                                                    thread 135              0.0000e+00              1.7009e-02              0.0000e+00              1.0000e+00              0.0000e+00 
                                                                    thread 136              0.0000e+00              2.8568e-02              0.0000e+00              1.0000e+00              0.0000e+00 
                                                                    thread 137              0.0000e+00              3.8355e-02              0.0000e+00              1.0000e+00              0.0000e+00 
                                                                    thread 138              0.0000e+00              3.0354e-02              0.0000e+00              1.0000e+00              0.0000e+00 
                                                                    thread 139              0.0000e+00              3.0050e-02              0.0000e+00              1.0000e+00              0.0000e+00 
                                                                    thread 140              0.0000e+00              3.3523e-02              0.0000e+00              1.0000e+00              0.0000e+00 
                                                                    thread 141              0.0000e+00              4.3829e-02              0.0000e+00              1.0000e+00              0.0000e+00 
                                                                    thread 142              0.0000e+00              4.3340e-02              0.0000e+00              1.0000e+00              0.0000e+00 
                                                                    thread 143              0.0000e+00              4.4831e-02              0.0000e+00              1.0000e+00              0.0000e+00 

# --------------- Explicit task
#                                            <task name>    <count>   Work(s) (sum/avrg/sd)                   Time(s) (sum/avrg/sd)                 
 ;../../plasma/src/pdplgsy.c;plasma_pdplgsy_quark;43;9;;       8214   1.2919e+02   1.5728e-02   4.0984e-04   1.2919e+02   1.5728e-02   4.0984e-04 
 func: potrf file: pdpotrf.c line: 54                           222   2.1973e-01   9.8976e-04   4.4639e-05   2.1973e-01   9.8976e-04   4.4639e-05 
 func: trsm file: pdpotrf.c line: 63                           3996   9.9324e+00   2.4856e-03   2.1955e-04   9.9324e+00   2.4856e-03   2.1955e-04 
 func: syrk file: pdpotrf.c line: 77                           3996   9.8684e+00   2.4696e-03   2.3476e-04   9.8684e+00   2.4696e-03   2.3476e-04 
 func: gemm file: pdpotrf.c line: 90                          46620   1.3467e+02   2.8887e-03   5.1585e-05   1.3467e+02   2.8887e-03   5.1585e-05 
                                               Sub total      63048   2.8388e+02   4.5026e-03                2.8388e+02   4.5026e-03              

# --------------- Implicit task
#                                            <task name>    <count>   Work(s) (sum/avrg/sd)                   Time(s) (sum/avrg/sd)                 
 <undefined>                                                    144   0.0000e+00   0.0000e+00   0.0000e+00   0.0000e+00   0.0000e+00   0.0000e+00 
 func: RunTest file: time_dpotrf-task.c line: 43                864   9.3000e-04   1.0764e-06   3.6991e-07   0.0000e+00   0.0000e+00   0.0000e+00 
 func: RunTest file: time_dpotrf-task.c line: 57                864   1.1010e-03   1.2743e-06   5.1705e-07   0.0000e+00   0.0000e+00   0.0000e+00 
                                               Sub total       1872   2.0310e-03   1.0849e-06                0.0000e+00   0.0000e+00              


                                                   Total      64920   2.8388e+02   4.3728e-03                2.8388e+02   4.3727e-03              


