Exp runtime size blocksize inner_blocsize iterations threads gflops start end std
dpotrf_taskdep clang 8192  256 NA 5 96 1200.862113 1516816136709143398 1516816136864504662 16.818345
dpotrf_taskdep clang 16384 256 NA 5 96 1726.619058 1516816168169725645 1516816169028977455 10.641263
dpotrf_taskdep clang 32768 512 NA 5 96 1845.867575 1516816233202309887 1516816239578050920 3.636135
dpotrf_taskdep clang 8192  256 NA 5 88 1186.627022 1516816529604659595 1516816529755767991 20.858960
dpotrf_taskdep clang 16384 256 NA 5 88 1607.280928 1516816561442181409 1516816562351675337 9.136394
dpotrf_taskdep clang 32768 512 NA 5 88 1750.855049 1516816628399872628 1516816635066703349 4.959307
dpotrf_taskdep clang 8192  256 NA 5 80 1121.037681 1516816932592837649 1516816932752354775 20.516151
dpotrf_taskdep clang 16384 256 NA 5 80 1485.202667 1516816964783888298 1516816965768675448 4.209655
dpotrf_taskdep clang 32768 512 NA 5 80 1619.168543 1516817034269195946 1516817041506021786 2.950862
dpotrf_taskdep clang 8192  256 NA 5 72 1077.903351 1516817348508864450 1516817348679940962 16.889796
dpotrf_taskdep clang 16384 256 NA 5 72 1356.668713 1516817381154600054 1516817382241275481 7.648768
dpotrf_taskdep clang 32768 512 NA 5 72 1480.799969 1516817454251905404 1516817462202119840 3.107259
dpotrf_taskdep clang 8192  256 NA 5 24 457.655569 1516817970757259632 1516817971158567638 2.434545
dpotrf_taskdep clang 16384 256 NA 5 24 479.893809 1516818013717894769 1516818016762440435 1.634709
dpotrf_taskdep clang 32768 512 NA 5 24 522.365625 1516818162658726303 1516818185088062775 0.311453
dpotrf_taskdep clang 8192  256 NA 5 32 582.861498 1516818617421039944 1516818617735053561 6.233249
dpotrf_taskdep clang 16384 256 NA 5 32 634.198747 1516818656674807082 1516818659003795101 3.096045
dpotrf_taskdep clang 32768 512 NA 5 32 691.882434 1516818777045180757 1516818793988485866 0.262317
dpotrf_taskdep clang 8192  256 NA 5 40 705.005403 1516819180799931555 1516819181060455207 4.275519
dpotrf_taskdep clang 16384 256 NA 5 40 783.621249 1516819217621577320 1516819219494980918 2.839454
dpotrf_taskdep clang 32768 512 NA 5 40 858.290537 1516819320736157808 1516819334394395480 0.370770
dpotrf_taskdep clang 8192  256 NA 5 48 819.600756 1516819690525524814 1516819690750235008 6.697195
dpotrf_taskdep clang 16384 256 NA 5 48 938.172266 1516819725675393145 1516819727243349989 2.326963
dpotrf_taskdep clang 32768 512 NA 5 48 1022.018369 1516819817476065208 1516819828958772175 1.097923
dpotrf_taskdep clang 8192  256 NA 5 56 912.372826 1516903720856201836 1516903721060577145 10.962646
dpotrf_taskdep clang 16384 256 NA 5 56 1084.107213 1516903754872956141 1516903756227298681 4.010458
dpotrf_taskdep clang 32768 512 NA 5 56 1181.884428 1516903838548655661 1516903848464368683 0.569154
dpotrf_taskdep clang 8192  256 NA 5 64 1002.833436 1516904167846891651 1516904168032218872 10.533688
dpotrf_taskdep clang 16384 256 NA 5 64 1224.586006 1516904201051486434 1516904202252568042 3.722830
dpotrf_taskdep clang 32768 512 NA 5 64 1331.869991 1516904278836597248 1516904287676100716 2.602647
dpotrf_taskdep clang 8192  256 NA 5 4 80.369534 1516906347957615440 1516906350244457166 0.127460
dpotrf_taskdep clang 16384 256 NA 5 4 81.080195 1516906470829428871 1516906488893203125 0.056796
dpotrf_taskdep clang 32768 512 NA 5 4 88.508327 1516907195950763865 1516907328391036727 0.055858
dpotrf_taskdep clang 8192  256 NA 5 8 160.045353 1516908453186452034 1516908454331047109 0.234105
dpotrf_taskdep clang 16384 256 NA 5 8 162.085070 1516908527694349998 1516908536735455181 0.100039
dpotrf_taskdep clang 32768 512 NA 5 8 176.202450 1516908906117001441 1516908972645078183 0.069118
dpotrf_taskdep clang 8192  256 NA 5 12 238.035030 1516909787158614273 1516909787929341790 0.641739
dpotrf_taskdep clang 16384 256 NA 5 12 242.718882 1516909845745302863 1516909851788078711 0.066752
dpotrf_taskdep clang 32768 512 NA 5 12 263.513678 1516910108596869882 1516910153103278587 0.146436
dpotrf_taskdep clang 8192  256 NA 5 16 313.332007 1516910814301227280 1516910814887593080 1.108966
dpotrf_taskdep clang 16384 256 NA 5 16 322.918547 1516910865047807949 1516910869588016167 0.270710
dpotrf_taskdep clang 32768 512 NA 5 16 350.119173 1516911070674539542 1516911104136435682 0.435606
dpotrf_taskdep clang 49152 512 NA 5 96 1864.095386 1517249999382703815 1517250020679082426 12.957930
dpotrf_taskdep clang 65536 512 NA 5 96 1934.674833 1517250316777412276 1517250365282017272 0.298486
dpotrf_taskdep libgomp 8192  256 NA 5 96 1098.855529 1516816006768374593 1516816006934116310 5.857853
dpotrf_taskdep libgomp 16384 256 NA 5 96 1663.074138 1516816038511470369 1516816039392453565 1.980012
dpotrf_taskdep libgomp 32768 512 NA 5 96 1851.637939 1516816103368632794 1516816109710590123 4.655098
dpotrf_taskdep libgomp 8192  256 NA 5 88 1074.491584 1516816397362925674 1516816397534244608 6.350656
dpotrf_taskdep libgomp 16384 256 NA 5 88 1574.308970 1516816429297878574 1516816430231857507 3.353340
dpotrf_taskdep libgomp 32768 512 NA 5 88 1750.207046 1516816495930189730 1516816502623572420 2.564809
dpotrf_taskdep libgomp 8192  256 NA 5 80 1032.274032 1516816796710390710 1516816796888169007 4.226746
dpotrf_taskdep libgomp 16384 256 NA 5 80 1457.614909 1516816829029600061 1516816830036717503 1.340769
dpotrf_taskdep libgomp 32768 512 NA 5 80 1627.584354 1516816898358158509 1516816905566574812 0.535687
dpotrf_taskdep libgomp 8192  256 NA 5 72 982.084042 1516817208003566936 1516817208190651332 3.891750
dpotrf_taskdep libgomp 16384 256 NA 5 72 1344.027729 1516817240764583063 1516817241855207963 0.792488
dpotrf_taskdep libgomp 32768 512 NA 5 72 1492.175546 1516817313595621285 1516817321450607492 1.392054
dpotrf_taskdep libgomp 8192  256 NA 5 24 455.191655 1516817730616697522 1516817731019329462 0.440274
dpotrf_taskdep libgomp 16384 256 NA 5 24 489.749825 1516817773365799535 1516817776359179279 0.089016
dpotrf_taskdep libgomp 32768 512 NA 5 24 528.968382 1516817920311411448 1516817942491044601 0.136371
dpotrf_taskdep libgomp 8192  256 NA 5 32 576.516968 1516818414782658780 1516818415101078799 1.218530
dpotrf_taskdep libgomp 16384 256 NA 5 32 647.738666 1516818453671877626 1516818455936133010 0.375188
dpotrf_taskdep libgomp 32768 512 NA 5 32 700.653746 1516818572862017536 1516818589600029044 0.138971
dpotrf_taskdep libgomp 8192  256 NA 5 40 683.464465 1516819000883894801 1516819001151927096 1.554102
dpotrf_taskdep libgomp 16384 256 NA 5 40 800.492184 1516819037567567572 1516819039398325945 0.742094
dpotrf_taskdep libgomp 32768 512 NA 5 40 869.479466 1516819139757928060 1516819153238330579 0.442279
dpotrf_taskdep libgomp 8192  256 NA 5 48 775.764337 1516819525958553922 1516819526194132859 2.498461
dpotrf_taskdep libgomp 16384 256 NA 5 48 947.465888 1516819561088913134 1516819562636335051 0.852007
dpotrf_taskdep libgomp 32768 512 NA 5 48 1034.672584 1516819651821956140 1516819663149983372 0.792693
dpotrf_taskdep libgomp 8192  256 NA 5 56 853.159726 1516903566644270605 1516903566858431696 2.052148
dpotrf_taskdep libgomp 16384 256 NA 5 56 1084.800345 1516903600700123347 1516903602055403306 1.929069
dpotrf_taskdep libgomp 32768 512 NA 5 56 1194.295622 1516903683849898507 1516903693671813164 0.380259
dpotrf_taskdep libgomp 8192  256 NA 5 64 926.340693 1516904021307610046 1516904021504458800 4.500091
dpotrf_taskdep libgomp 16384 256 NA 5 64 1219.891366 1516904054676804109 1516904055878150593 1.758722
dpotrf_taskdep libgomp 32768 512 NA 5 64 1346.362510 1516904132036546516 1516904140737487342 1.691161
dpotrf_taskdep libgomp 8192  256 NA 5 4 81.261886 1516905334878290828 1516905337132733578 0.027597
dpotrf_taskdep libgomp 16384 256 NA 5 4 82.895300 1516905455755379101 1516905473434084397 0.026489
dpotrf_taskdep libgomp 32768 512 NA 5 4 88.882426 1516906177747544151 1516906309695252835 0.004907
dpotrf_taskdep libgomp 8192  256 NA 5 8 160.964027 1516907906047313603 1516907907186337650 0.058439
dpotrf_taskdep libgomp 16384 256 NA 5 8 165.202168 1516907979716149926 1516907988588066771 0.081509
dpotrf_taskdep libgomp 32768 512 NA 5 8 177.721697 1516908355110487727 1516908421103951021 0.017872
dpotrf_taskdep libgomp 8192  256 NA 5 12 238.824403 1516909394211830954 1516909394979795882 0.284659
dpotrf_taskdep libgomp 16384 256 NA 5 12 247.133705 1516909452151230656 1516909458083840528 0.049671
dpotrf_taskdep libgomp 32768 512 NA 5 12 266.081537 1516909713004663908 1516909757077204614 0.026263
dpotrf_taskdep libgomp 8192  256 NA 5 16 314.310390 1516910497968251948 1516910498551822011 0.214697
dpotrf_taskdep libgomp 16384 256 NA 5 16 328.611419 1516910548316802771 1516910552779241369 0.069993
dpotrf_taskdep libgomp 32768 512 NA 5 16 354.138423 1516910752038326106 1516910785156282655 0.061368
dpotrf_taskdep libgomp 49152 512 NA 5 96 1930.435454 1517249494246733469 1517249514705156681 2.591966
dpotrf_taskdep libgomp 65536 512 NA 5 96 1997.077273 1517249803305128247 1517249850249708430 1.642356
dpotrf_taskdep libkomp 8192  256 NA 5 96 1142.954944 1516815878585315119 1516815878744822566 10.041560
dpotrf_taskdep libkomp 16384 256 NA 5 96 1755.289023 1516815910053560867 1516815910888960415 15.261226
dpotrf_taskdep libkomp 32768 512 NA 5 96 1933.611134 1516815973622383344 1516815979702039094 7.304765
dpotrf_taskdep libkomp 8192  256 NA 5 88 1135.847255 1516816266638020464 1516816266796086855 24.711428
dpotrf_taskdep libkomp 16384 256 NA 5 88 1640.506592 1516816298408083099 1516816299303686606 3.617903
dpotrf_taskdep libkomp 32768 512 NA 5 88 1812.034363 1516816363771891117 1516816370263589169 6.355423
dpotrf_taskdep libkomp 8192  256 NA 5 80 1092.926088 1516816662192778938 1516816662362277814 21.293262
dpotrf_taskdep libkomp 16384 256 NA 5 80 1519.172128 1516816694254841143 1516816695219118862 7.391897
dpotrf_taskdep libkomp 32768 512 NA 5 80 1672.851973 1516816762555384608 1516816769583007685 5.078850
dpotrf_taskdep libkomp 8192  256 NA 5 72 1006.223353 1516817068673320659 1516817068860455106 16.732331
dpotrf_taskdep libkomp 16384 256 NA 5 72 1388.839861 1516817101238194600 1516817102292790920 6.363308
dpotrf_taskdep libkomp 32768 512 NA 5 72 1520.696578 1516817173140113071 1516817180827875325 3.607333
dpotrf_taskdep libkomp 8192  256 NA 5 24 459.235638 1516817490525468043 1516817490925219182 2.018035
dpotrf_taskdep libkomp 16384 256 NA 5 24 491.131513 1516817533179589486 1516817536162231034 0.557044
dpotrf_taskdep libkomp 32768 512 NA 5 24 531.136158 1516817680283238227 1516817702364299326 0.326085
dpotrf_taskdep libkomp 8192  256 NA 5 32 591.775236 1516818212923342418 1516818213232303580 3.739914
dpotrf_taskdep libkomp 16384 256 NA 5 32 649.982215 1516818251677116463 1516818253932517379 0.503673
dpotrf_taskdep libkomp 32768 512 NA 5 32 704.769961 1516818370301325941 1516818386946357343 0.338365
dpotrf_taskdep libkomp 8192  256 NA 5 40 708.809018 1516818821561549554 1516818821825282893 7.940288
dpotrf_taskdep libkomp 16384 256 NA 5 40 806.240505 1516818858059158201 1516818859877530299 0.719029
dpotrf_taskdep libkomp 32768 512 NA 5 40 876.111792 1516818959896612297 1516818973293609404 0.646849
dpotrf_taskdep libkomp 8192  256 NA 5 48 801.281944 1516819361806955546 1516819362032383601 12.789457
dpotrf_taskdep libkomp 16384 256 NA 5 48 958.685853 1516819396878133824 1516819398408063740 0.979866
dpotrf_taskdep libkomp 32768 512 NA 5 48 1043.893922 1516819487256642376 1516819498512039079 1.202632
dpotrf_taskdep libkomp 8192  256 NA 5 56 898.109284 1516903413458463153 1516903413662589178 12.200709
dpotrf_taskdep libkomp 16384 256 NA 5 56 1104.294064 1516903447403619642 1516903448742650589 5.264407
dpotrf_taskdep libkomp 32768 512 NA 5 56 1210.431026 1516903529660426944 1516903539355682197 1.456067
dpotrf_taskdep libkomp 8192  256 NA 5 64 960.552315 1516903875657320519 1516903875847513526 13.106397
dpotrf_taskdep libkomp 16384 256 NA 5 64 1251.544112 1516903908884206134 1516903910062602064 4.402608
dpotrf_taskdep libkomp 32768 512 NA 5 64 1368.803517 1516903985559652238 1516903994099373858 3.133796
dpotrf_taskdep libkomp 8192  256 NA 5 4 81.327333 1516904325913209773 1516904328167402617 0.032058
dpotrf_taskdep libkomp 16384 256 NA 5 4 82.998977 1516904446730460028 1516904464394161614 0.013517
dpotrf_taskdep libkomp 32768 512 NA 5 4 89.327377 1516905165389472443 1516905296727496371 0.023927
dpotrf_taskdep libkomp 8192  256 NA 5 8 160.717919 1516907360475534510 1516907361617518699 0.513679
dpotrf_taskdep libkomp 16384 256 NA 5 8 165.395720 1516907434048854056 1516907442924046218 0.108606
dpotrf_taskdep libkomp 32768 512 NA 5 8 178.363478 1516907808255517192 1516907873991059462 0.075584
dpotrf_taskdep libkomp 8192  256 NA 5 12 238.708524 1516909002774629890 1516909003540736548 0.635166
dpotrf_taskdep libkomp 16384 256 NA 5 12 247.322400 1516909060666094535 1516909066594316675 0.212992
dpotrf_taskdep libkomp 32768 512 NA 5 12 267.165105 1516909320182852464 1516909364103183933 0.068832
dpotrf_taskdep libkomp 8192  256 NA 5 16 315.034333 1516910182289742505 1516910182869900534 0.699970
dpotrf_taskdep libkomp 16384 256 NA 5 16 329.307253 1516910232469016139 1516910236923610672 0.201825
dpotrf_taskdep libkomp 32768 512 NA 5 16 355.521822 1516910435838184824 1516910468827717176 0.177944
dpotrf_taskdep libkomp 49152 512 NA 5 96 2008.821340 1517248996698510655 1517249016449706761 3.119657
dpotrf_taskdep libkomp 65536 512 NA 5 96 2017.538728 1517249302122231203 1517249348611690063 0.789366
dgeqrf_taskdep clang 8192  256 128 5 96 564.578093 1516911828298746843 1516911829598925225 2.517320
dgeqrf_taskdep clang 16384 256 128 5 96 737.209763 1516911896705090075 1516911904649325167 2.876183
dgeqrf_taskdep clang 32768 512 128 5 96 1268.121714 1516912121635204143 1516912158691345397 2.353650
dgeqrf_taskdep clang 8192  256 128 5 88 579.069338 1516912889951257808 1516912891218112352 1.250948
dgeqrf_taskdep clang 16384 256 128 5 88 745.789105 1516912957846591595 1516912965673026752 3.918568
dgeqrf_taskdep clang 32768 512 128 5 88 1267.117306 1516913183218072219 1516913220178652954 1.707141
dgeqrf_taskdep clang 8192  256 128 5 80 578.157096 1516913963253210932 1516913964520178194 1.345239
dgeqrf_taskdep clang 16384 256 128 5 80 833.507309 1516914026964950136 1516914033996022556 4.748875
dgeqrf_taskdep clang 32768 512 128 5 80 1230.064389 1516914257313629074 1516914295420708356 1.774706
dgeqrf_taskdep clang 8192  256 128 5 72 570.679134 1516915065673222124 1516915066962747047 2.384538
dgeqrf_taskdep clang 16384 256 128 5 72 860.575880 1516915128284855427 1516915135096061616 1.046561
dgeqrf_taskdep clang 32768 512 128 5 72 1158.570818 1516915370246375638 1516915410701148415 1.611088
dgeqrf_taskdep clang 8192  256 128 5 24 340.697580 1516917144310468186 1516917146463517778 0.383053
dgeqrf_taskdep clang 16384 256 128 5 24 367.032650 1516917253885249339 1516917269870488581 0.125121
dgeqrf_taskdep clang 32768 512 128 5 24 431.204311 1516917847935979163 1516917956729794819 0.069164
dgeqrf_taskdep clang 8192  256 128 5 32 438.497583 1516919316031630136 1516919317708666043 1.115594
dgeqrf_taskdep clang 16384 256 128 5 32 483.511717 1516919405780008098 1516919417910690897 0.160611
dgeqrf_taskdep clang 32768 512 128 5 32 568.498851 1516919864203444736 1516919946710834360 0.172698
dgeqrf_taskdep clang 8192  256 128 5 40 521.350851 1516921082785195341 1516921084189998922 0.801466
dgeqrf_taskdep clang 16384 256 128 5 40 595.942153 1516921160778457765 1516921170623129035 0.204335
dgeqrf_taskdep clang 32768 512 128 5 40 701.861039 1516921537968284610 1516921604828861746 0.186722
dgeqrf_taskdep clang 8192  256 128 5 48 580.970987 1516922594622462295 1516922595884412896 1.026768
dgeqrf_taskdep clang 16384 256 128 5 48 700.339289 1516922665160056815 1516922673528153628 0.427724
dgeqrf_taskdep clang 32768 512 128 5 48 831.649966 1516922988595981381 1516923045012031331 0.189148
dgeqrf_taskdep clang 8192  256 128 5 56 607.344755 1516923933998968003 1516923935205878236 1.426219
dgeqrf_taskdep clang 16384 256 128 5 56 790.772049 1516923999608627083 1516924007031430684 0.651715
dgeqrf_taskdep clang 32768 512 128 5 56 953.461088 1516924286048483460 1516924335277606531 0.313700
dgeqrf_taskdep clang 8192  256 128 5 64 579.557729 1516925154245901404 1516925155507100883 1.748697
dgeqrf_taskdep clang 16384 256 128 5 64 856.134893 1516925217108314938 1516925223953580795 0.571803
dgeqrf_taskdep clang 32768 512 128 5 64 1064.703242 1516925476950815435 1516925521039854880 0.404633
dgeqrf_taskdep clang 8192  256 128 5 4 61.313631 1516934759858936036 1516934771805940075 0.077936
dgeqrf_taskdep clang 16384 256 128 5 4 63.217842 1516935265909580568 1516935358748115255 0.070690
dgeqrf_taskdep clang 32768 512 128 5 4 73.429281 1516938598059521609 1516939237235223861 0.032863
dgeqrf_taskdep clang 8192  256 128 5 8 120.794634 1516943977178131957 1516943983244737173 0.090687
dgeqrf_taskdep clang 16384 256 128 5 8 125.328555 1516944245497913305 1516944292340220728 0.108490
dgeqrf_taskdep clang 32768 512 128 5 8 146.174897 1516945934048199870 1516946254993480370 0.013632
dgeqrf_taskdep clang 8192  256 128 5 12 178.072355 1516949491968473210 1516949496080969358 0.248853
dgeqrf_taskdep clang 16384 256 128 5 12 186.509893 1516949681036967451 1516949712470778727 0.156406
dgeqrf_taskdep clang 32768 512 128 5 12 218.383163 1516950821076021124 1516951035854464491 0.034014
dgeqrf_taskdep clang 8192  256 128 5 16 233.751729 1516953521059934328 1516953524193655158 0.283958
dgeqrf_taskdep clang 16384 256 128 5 16 247.166360 1516953670294634549 1516953694024870328 0.200955
dgeqrf_taskdep clang 32768 512 128 5 16 290.295043 1516954536115124680 1516954697733574590 0.041576
dgeqrf_taskdep clang 49152 512 256 5 96 1348.805932 1517158738814352992 1517158855902381655 3.731527
dgeqrf_taskdep clang 65536 512 256 5 96 1379.064219 1517160272713957944 1517160544871750740 1.253390
dgeqrf_taskdep libgomp 8192 256 128 5 96 580.813015 1516911468999562281 1516911470262255139 1.339042
dgeqrf_taskdep libgomp 16384 256 128 5 96 733.656374 1516911537465141293 1516911545477357363 1.196379
dgeqrf_taskdep libgomp 32768 512 128 5 96 1295.057420 1516911759339505954 1516911795488147935 3.799677
dgeqrf_taskdep libgomp 8192 256 128 5 88 589.963375 1516912532327770329 1516912533573313462 1.816583
dgeqrf_taskdep libgomp 16384 256 128 5 88 753.128125 1516912599802726082 1516912607590317383 1.546552
dgeqrf_taskdep libgomp 32768 512 128 5 88 1297.465755 1516912821285399677 1516912857310613639 3.108195
dgeqrf_taskdep libgomp 8192 256 128 5 80 583.422748 1516913603297646712 1516913604557246197 2.469422
dgeqrf_taskdep libgomp 16384 256 128 5 80 802.619226 1516913668359285355 1516913675656048533 0.742489
dgeqrf_taskdep libgomp 32768 512 128 5 80 1266.411141 1516913893514110250 1516913930617043540 2.829812
dgeqrf_taskdep libgomp 8192 256 128 5 72 589.413298 1516914693337430541 1516914694584855601 3.157588
dgeqrf_taskdep libgomp 16384 256 128 5 72 876.485843 1516914755363509234 1516914762058021168 2.142217
dgeqrf_taskdep libgomp 32768 512 128 5 72 1181.727431 1516914993202079833 1516915032941539326 1.290854
dgeqrf_taskdep libgomp 8192 256 128 5 24 336.418117 1516916293264619896 1516916295444136632 0.271781
dgeqrf_taskdep libgomp 16384 256 128 5 24 361.362893 1516916404049143068 1516916420274662097 0.079717
dgeqrf_taskdep libgomp 32768 512 128 5 24 430.994583 1516916998322985645 1516917107194122079 0.103591
dgeqrf_taskdep libgomp 8192 256 128 5 32 433.499380 1516918651599304508 1516918653289643421 0.808396
dgeqrf_taskdep libgomp 16384 256 128 5 32 476.436997 1516918742359051478 1516918754662580261 0.201757
dgeqrf_taskdep libgomp 32768 512 128 5 32 570.742274 1516919199144659190 1516919281340868668 0.035051
dgeqrf_taskdep libgomp 8192 256 128 5 40 516.999144 1516920529447752128 1516920530867824827 1.134462
dgeqrf_taskdep libgomp 16384 256 128 5 40 588.785105 1516920608131737634 1516920618094717090 0.295459
dgeqrf_taskdep libgomp 32768 512 128 5 40 706.978653 1516920983087260552 1516921049426425858 0.213503
dgeqrf_taskdep libgomp 8192 256 128 5 48 577.578207 1516922113956340832 1516922115225026340 2.092943
dgeqrf_taskdep libgomp 16384 256 128 5 48 693.541552 1516922184880325805 1516922193333655780 0.706324
dgeqrf_taskdep libgomp 32768 512 128 5 48 839.049762 1516922506077258582 1516922561998201354 0.220702
dgeqrf_taskdep libgomp 8192 256 128 5 56 602.871902 1516923503879307855 1516923505101153711 1.675097
dgeqrf_taskdep libgomp 16384 256 128 5 56 788.762836 1516923569687478810 1516923577113341935 0.609363
dgeqrf_taskdep libgomp 32768 512 128 5 56 965.021113 1516923853028798067 1516923901641513647 0.310167
dgeqrf_taskdep libgomp 8192 256 128 5 64 586.906637 1516924758771571432 1516924760023493795 1.867077
dgeqrf_taskdep libgomp 16384 256 128 5 64 854.358659 1516924821672476835 1516924828534740550 1.004151
dgeqrf_taskdep libgomp 32768 512 128 5 64 1081.830796 1516925078252675088 1516925121631232741 0.527171
dgeqrf_taskdep libgomp 8192 256 128 5 4 60.251011 1516930169828086623 1516930181992334524 0.021638
dgeqrf_taskdep libgomp 16384 256 128 5 4 62.160756 1516930684091179384 1516930778437257358 0.004925
dgeqrf_taskdep libgomp 32768 512 128 5 4 73.122130 1516934031457734922 1516934673062120389 0.003621
dgeqrf_taskdep libgomp 8192 256 128 5 8 118.551799 1516941627226586578 1516941633409147785 0.032266
dgeqrf_taskdep libgomp 16384 256 128 5 8 122.871512 1516941900327626863 1516941948051285859 0.009442
dgeqrf_taskdep libgomp 32768 512 128 5 8 145.443082 1516943597765236451 1516943920343519474 0.004751
dgeqrf_taskdep libgomp 8192 256 128 5 12 175.192249 1516947891494604447 1516947895681023835 0.087918
dgeqrf_taskdep libgomp 16384 256 128 5 12 182.880141 1516948083668917606 1516948115739821502 0.009206
dgeqrf_taskdep libgomp 32768 512 128 5 12 217.378717 1516949229192893982 1516949445007439837 0.014690
dgeqrf_taskdep libgomp 8192 256 128 5 16 230.966332 1516952295813687997 1516952298991958273 0.186286
dgeqrf_taskdep libgomp 16384 256 128 5 16 242.753811 1516952447514948789 1516952471672269034 0.037039
dgeqrf_taskdep libgomp 32768 512 128 5 16 289.190472 1516953316805101626 1516953479022141857 0.022426
dgeqrf_taskdep libgomp 49152 512 256 5 96 1412.982779 1517152956328166834 1517153068171357589 2.057032
dgeqrf_taskdep libgomp 65536 512 256 5 96 1439.055297 1517154428886512921 1517154689305541237 2.057334
dgeqrf_taskdep libkomp 8192 256 128 5 96 594.039772 1516911136544860917 1516911137773604613 3.490854
dgeqrf_taskdep libkomp 16384 256 128 5 96 767.379741 1516911203249585343 1516911210884258584 3.167265
dgeqrf_taskdep libkomp 32768 512 128 5 96 1456.803272 1516911404162523165 1516911436341933070 2.556199
dgeqrf_taskdep libkomp 8192 256 128 5 88 593.238830 1516912191245866202 1516912192474079712 2.959479
dgeqrf_taskdep libkomp 16384 256 128 5 88 762.333142 1516912258165740572 1516912265863111417 3.108108
dgeqrf_taskdep libkomp 32768 512 128 5 88 1397.924151 1516912466240694947 1516912499778869825 1.707607
dgeqrf_taskdep libkomp 8192 256 128 5 80 595.734007 1516913252669767209 1516913253904571497 3.858257
dgeqrf_taskdep libkomp 16384 256 128 5 80 825.759714 1516913316699603920 1516913323794406725 4.211599
dgeqrf_taskdep libkomp 32768 512 128 5 80 1313.275501 1516913534961690455 1516913570679656871 0.605163
dgeqrf_taskdep libkomp 8192 256 128 5 72 592.828386 1516914327973252906 1516914329204814608 3.298487
dgeqrf_taskdep libkomp 16384 256 128 5 72 887.753640 1516914389538163649 1516914396136619740 1.292765
dgeqrf_taskdep libkomp 32768 512 128 5 72 1213.460128 1516914622104909761 1516914660776727369 0.713730
dgeqrf_taskdep libkomp 8192 256 128 5 24 340.687329 1516915447847722187 1516915449995066299 0.481532
dgeqrf_taskdep libkomp 16384 256 128 5 24 365.432744 1516915557812862133 1516915573859750666 0.076437
dgeqrf_taskdep libkomp 32768 512 128 5 24 434.125527 1516916147917750071 1516916255982819204 0.029387
dgeqrf_taskdep libkomp 8192 256 128 5 32 437.756469 1516917991455418164 1516917993130127768 1.039855
dgeqrf_taskdep libkomp 16384 256 128 5 32 481.980418 1516918081360435561 1516918093530149960 0.096445
dgeqrf_taskdep libkomp 32768 512 128 5 32 574.855101 1516918535206269956 1516918616797853017 0.117331
dgeqrf_taskdep libkomp 8192 256 128 5 40 520.372057 1516919980112671684 1516919981521455743 1.125498
dgeqrf_taskdep libkomp 16384 256 128 5 40 595.231382 1516920058203737312 1516920068056648532 0.048367
dgeqrf_taskdep libkomp 32768 512 128 5 40 712.995922 1516920430206806656 1516920496010544787 0.116419
dgeqrf_taskdep libkomp 8192 256 128 5 48 581.735063 1516921637477179990 1516921638741188869 2.440174
dgeqrf_taskdep libkomp 16384 256 128 5 48 701.199050 1516921707885786109 1516921716245778301 0.161544
dgeqrf_taskdep libkomp 32768 512 128 5 48 847.342709 1516922025910559815 1516922081269499113 0.105461
dgeqrf_taskdep libkomp 8192 256 128 5 56 608.561179 1516923077411591295 1516923078614857378 3.690255
dgeqrf_taskdep libkomp 16384 256 128 5 56 796.789829 1516923142733929087 1516923150101082533 0.497143
dgeqrf_taskdep libkomp 32768 512 128 5 56 976.139464 1516923423385255064 1516923471464198965 0.294709
dgeqrf_taskdep libkomp 8192 256 128 5 64 595.721669 1516924367775878157 1516924369012224055 2.916015
dgeqrf_taskdep libkomp 16384 256 128 5 64 864.036882 1516924430264027943 1516924437056776140 1.444332
dgeqrf_taskdep libkomp 32768 512 128 5 64 1098.026119 1516924683445862378 1516924726170205463 0.340292
dgeqrf_taskdep libkomp 8192 256 128 5 4 61.291656 1516925607939295790 1516925619908993098 0.021163
dgeqrf_taskdep libkomp 16384 256 128 5 4 62.979709 1516926115907041510 1516926208978471380 0.017130
dgeqrf_taskdep libkomp 32768 512 128 5 4 73.540443 1516929444011222744 1516930081972392052 0.003190
dgeqrf_taskdep libkomp 8192 256 128 5 8 120.400737 1516939294182114432 1516939300266101871 0.060291
dgeqrf_taskdep libkomp 16384 256 128 5 8 124.322706 1516939564377547149 1516939611565382328 0.036036
dgeqrf_taskdep libkomp 32768 512 128 5 8 146.498401 1516941249514829302 1516941569790394967 0.010744
dgeqrf_taskdep libkomp 8192 256 128 5 12 177.709829 1516946302018997093 1516946306144923702 0.169386
dgeqrf_taskdep libkomp 16384 256 128 5 12 185.344582 1516946492060532907 1516946523740723033 0.361347
dgeqrf_taskdep libkomp 32768 512 128 5 12 218.865519 1516947629823145109 1516947844194541929 0.015473
dgeqrf_taskdep libkomp 8192 256 128 5 16 233.839499 1516951077935879280 1516951081074105022 0.158271
dgeqrf_taskdep libkomp 16384 256 128 5 16 245.831394 1516951228022983197 1516951251883462345 0.036067
dgeqrf_taskdep libkomp 32768 512 128 5 16 291.111285 1516952092402720857 1516952253565128607 0.023203
dgeqrf_taskdep libkomp 49152 512 256 5 96 1473.961674 1517148917856020227 1517149025211552458 0.865497
dgeqrf_taskdep libkomp 65536 512 256 5 96 1484.335525 1517150345114998142 1517150597930418368 1.978306
